libjsqlite-spatialite-android/spatialite-android-library/jni/librasterlite2-5.0.0/test/map_samples/ascii/ascii2.asc
ncols 600
nrows 600
xllcenter 1646700.50000000
yllcenter 4739680.50000000
cellsize 1.00000000
NODATA_value -9999.00000000
[rows 0 to 28 of 600, columns 402 to 468 of 600]
87.875 87.545 87.215 86.815 86.435 86.115 85.8-9999.05 89.3-9999.05 85.285 86.-9999.085 86.915 86.515 83.625 83.525 83.585 83.735 83.835 83.685 83.575 86.495 9-9999.0.495 94.615 96.345 97.325 93.925 89.295 85.515 85.575 85.755 85.855 85.985 86.-9999.045 85.995 86.-9999.015 86.-9999.075 86.135 86.-9999.075 85.9-9999.05 85.855 85.935 86.-9999.025 86.-9999.045 86.-9999.035 86.125 86.265 86.4-9999.05 86.235 86.-9999.015 86.-9999.095 86.875 87.755 86.915 86.2-9999.05 86.165 86.135 86.175 86.525 86.9-9999.05 86.555 86.365 86.295 86.385 86.585 86.945 87.324 87.424 87.344
87.975 87.595 87.125 86.745 86.385 88.2-9999.05 91.675 94.265 89.545 84.285 84.-9999.035 83.835 83.695 83.6-9999.05 83.625 83.715 83.765 83.815 83.765 85.-9999.025 88.-9999.075 91.135 91.855 92.615 9-9999.0.-9999.085 87.-9999.085 86.-9999.015 86.-9999.015 86.-9999.075 86.3-9999.05 86.535 86.585 86.375 86.245 86.245 86.245 86.235 86.235 86.215 86.3-9999.05 86.395 86.385 86.335 86.425 86.555 86.695 86.565 86.395 86.475 86.495 86.515 86.595 86.545 86.435 86.335 86.315 86.645 86.935 86.855 86.725 86.655 86.745 86.945 87.235 87.534 87.754 87.9-9999.04
87.965 87.495 87.-9999.085 86.735 86.385 85.795 86.625 88.335 84.495 84.135 83.965 83.795 83.755 83.685 83.655 83.665 83.675 83.815 83.955 84.-9999.035 84.135 86.595 86.925 87.395 85.435 86.-9999.065 86.515 86.395 86.4-9999.05 86.615 86.825 86.865 86.665 86.525 86.515 86.535 86.525 86.5-9999.05 86.565 86.665 9-9999.0.555 93.325 95.-9999.065 93.395 9-9999.0.265 87.135 87.-9999.065 86.965 86.855 86.745 86.595 86.7-9999.05 86.8-9999.05 86.745 86.675 86.685 86.925 87.135 87.185 87.115 87.-9999.095 87.175 87.335 87.555 87.734 88.-9999.024 88.274
87.785 87.485 87.175 86.825 86.475 85.865 85.255 84.625 84.135 83.8-9999.05 83.825 83.845 83.825 83.875 83.875 83.865 83.855 92.365 85.545 84.395 84.525 84.8-9999.05 85.-9999.075 85.425 85.885 86.475 88.145 92.965 97.255 93.3-9999.05 89.345 87.-9999.095 86.935 86.835 86.885 86.925 86.915 86.865 86.915 87.-9999.025 87.475 92.675 96.425 94.-9999.065 9-9999.0.665 87.255 87.235 87.385 87.225 87.-9999.015 86.825 86.925 87.-9999.025 86.975 86.945 86.955 87.-9999.085 87.245 87.385 87.535 87.6-9999.05 87.585 87.645 87.785 87.934 88.234 88.644
87.635 87.315 86.955 86.7-9999.05 88.955 86.185 85.-9999.065 84.435 84.115 83.965 83.985 84.-9999.025 84.-9999.065 84.195 84.255 84.225 89.915 92.7-9999.05 85.925 85.-9999.035 85.335 85.635 85.835 86.-9999.075 86.475 86.895 88.555 91.265 9-9999.0.815 89.3-9999.05 87.795 87.115 87.1-9999.05 87.135 87.215 87.295 87.265 87.195 88.265 92.755 96.145 95.665 94.255 92.735 91.135 87.675 87.485 87.435 87.285 87.2-9999.05 87.145 87.3-9999.05 87.415 87.355 87.275 87.245 87.345 87.495 87.7-9999.05 87.9-9999.05 87.935 87.845 88.865 9-9999.0.985 93.1-9999.04 92.-9999.064 89.-9999.024
87.315 86.925 86.555 87.685 94.-9999.015 9-9999.0.635 86.795 84.435 84.195 84.115 84.165 84.225 87.-9999.075 86.575 87.9-9999.05 92.355 96.815 93.685 86.335 85.645 86.-9999.045 86.395 86.365 86.485 86.765 87.-9999.055 88.785 9-9999.0.145 9-9999.0.815 92.135 89.425 87.355 87.375 87.415 87.485 87.555 87.525 87.445 89.565 92.875 96.225 93.735 89.9-9999.05 88.355 87.745 87.845 87.795 87.645 87.575 87.5-9999.05 87.485 87.6-9999.05 87.7-9999.05 87.645 87.585 87.575 87.665 87.785 87.985 88.2-9999.05 88.3-9999.05 88.265 88.325 88.495 9-9999.0.464 92.464 94.424
87.-9999.075 86.645 86.255 9-9999.0.545 98.-9999.045 93.-9999.065 87.565 84.425 84.215 84.165 84.3-9999.05 84.445 88.-9999.045 89.745 94.875 97.155 98.265 94.-9999.095 86.8-9999.05 86.335 86.635 86.895 87.2-9999.05 87.165 87.135 87.325 89.-9999.015 93.565 96.795 93.1-9999.05 89.415 87.625 87.655 87.695 87.745 87.785 87.755 87.675 88.1-9999.05 9-9999.0.985 93.855 93.585 88.525 87.815 87.875 87.925 87.935 87.935 87.895 87.855 87.845 87.915 87.955 87.925 87.885 87.9-9999.05 88.-9999.025 88.165 88.335 88.515 88.595 88.575 88.635 88.755 9-9999.0.295 89.234 89.644
87.175 86.655 87.2-9999.05 92.2-9999.05 97.375 92.465 87.545 84.545 84.675 84.8-9999.05 84.9-9999.05 84.975 85.265 85.615 88.765 92.885 97.915 93.645 87.165 86.795 87.-9999.015 87.265 87.655 87.945 87.855 87.795 87.8-9999.05 87.985 88.-9999.085 88.-9999.025 87.965 87.955 87.965 87.985 88.-9999.0-9999.05 88.-9999.025 87.995 87.945 88.-9999.025 88.175 9-9999.0.-9999.035 89.345 88.115 88.125 88.165 88.2-9999.05 88.275 88.325 88.265 88.195 88.155 88.225 88.265 88.235 88.185 88.235 88.425 88.545 88.615 88.725 88.8-9999.05 88.825 88.915 89.-9999.045 89.175 89.474 89.834
87.185 86.575 87.275 92.165 96.565 92.285 87.455 85.-9999.075 85.295 85.485 85.555 85.625 85.895 86.225 86.565 86.995 87.435 87.3-9999.05 87.5-9999.05 87.295 87.5-9999.05 87.745 88.185 88.495 88.335 88.165 88.125 88.235 88.295 88.265 88.225 88.235 88.275 88.285 88.285 88.285 88.3-9999.05 88.285 88.375 88.485 88.535 88.555 88.485 88.495 91.895 96.185 93.335 88.615 88.545 88.475 88.455 88.545 88.595 88.535 88.475 88.515 88.715 88.925 89.-9999.085 89.165 89.2-9999.05 89.225 89.315 89.415 89.515 89.864 9-9999.0.264
86.975 86.465 87.345 92.-9999.015 95.895 91.695 87.485 85.625 85.975 86.195 86.285 86.375 86.495 86.565 86.935 87.415 87.895 87.855 87.955 88.135 88.165 88.225 88.535 88.855 88.725 88.575 88.515 88.535 88.5-9999.05 88.485 88.495 88.585 88.655 88.655 88.625 88.555 88.565 88.595 88.625 88.655 88.685 88.745 88.815 9-9999.0.985 93.865 96.955 92.375 88.915 88.845 88.785 88.765 88.865 88.925 88.865 88.8-9999.05 88.835 89.-9999.0-9999.05 89.195 89.415 89.625 89.725 89.735 89.785 89.855 89.935 9-9999.0.234 9-9999.0.524
86.725 86.245 85.835 85.535 85.465 85.685 87.835 86.-9999.095 86.375 86.555 9-9999.0.325 94.455 93.5-9999.05 88.-9999.085 87.465 87.9-9999.05 88.245 88.375 88.755 88.765 88.765 88.625 88.865 89.115 89.-9999.085 88.955 88.875 88.835 88.785 88.795 88.8-9999.05 88.885 89.-9999.025 89.-9999.015 88.915 88.825 88.845 88.885 88.925 88.965 89.-9999.015 89.-9999.075 89.155 89.585 91.575 93.295 91.725 89.235 89.185 89.135 89.125 89.195 89.235 89.235 89.3-9999.05 89.325 89.355 89.575 89.845 9-9999.0.115 9-9999.0.215 9-9999.0.245 9-9999.0.225 9-9999.0.225 9-9999.0.235 9-9999.0.364 9-9999.0.514
86.5-9999.05 86.-9999.025 85.655 85.515 85.5-9999.05 85.775 86.-9999.075 86.375 9-9999.0.315 94.1-9999.05 93.4-9999.05 92.595 91.8-9999.05 88.485 87.935 88.245 88.525 89.-9999.0-9999.05 89.485 89.285 89.-9999.095 88.965 89.-9999.025 89.145 89.215 89.285 89.275 89.175 89.115 89.1-9999.05 89.-9999.085 89.185 89.345 89.325 89.245 89.165 89.115 89.125 89.175 89.225 89.275 89.435 89.535 89.555 89.495 89.475 89.645 89.645 89.595 89.545 89.525 89.575 89.665 89.8-9999.05 89.935 89.995 89.925 89.995 9-9999.0.225 9-9999.0.5-9999.05 9-9999.0.655 9-9999.0.725 9-9999.0.7-9999.05 9-9999.0.655 9-9999.0.6-9999.05 9-9999.0.734 9-9999.0.914
86.545 86.-9999.045 85.675 85.585 85.665 85.975 86.385 86.735 86.965 88.-9999.075 88.275 88.485 89.-9999.015 89.1-9999.05 88.6-9999.05 88.785 88.975 89.495 89.985 89.765 89.525 89.365 89.445 89.495 89.475 89.515 89.5-9999.05 89.455 89.435 89.415 89.425 92.-9999.095 96.1-9999.05 96.195 93.-9999.0-9999.05 89.825 92.625 93.575 92.765 91.645 89.495 89.675 89.845 89.775 89.695 89.695 92.435 93.1-9999.05 91.785 9-9999.0.465 89.965 89.965 9-9999.0.-9999.045 9-9999.0.225 9-9999.0.385 9-9999.0.445 9-9999.0.635 91.6-9999.05 92.185 91.595 93.695 97.525 96.845 94.185 91.375 91.174 91.3-9999.04
86.245 85.895 85.735 85.695 86.125 86.645 87.175 89.765 91.655 92.885 92.4-9999.05 89.275 88.785 88.8-9999.05 88.975 91.565 96.235 96.955 97.265 95.755 92.295 89.745 89.785 89.855 89.875 89.855 89.825 89.785 89.735 89.755 89.795 92.2-9999.05 92.965 92.185 9-9999.0.595 89.855 9-9999.0.-9999.055 9-9999.0.145 91.-9999.045 92.535 89.835 89.985 9-9999.0.115 9-9999.0.-9999.095 9-9999.0.-9999.055 9-9999.0.-9999.055 9-9999.0.235 9-9999.0.765 93.175 95.5-9999.05 96.135 91.735 9-9999.0.335 9-9999.0.485 9-9999.0.635 92.355 95.565 96.315 93.925 91.535 93.775 97.555 97.365 94.755 91.735 91.594 91.684
86.135 85.915 86.-9999.065 86.615 87.145 87.495 87.845 88.-9999.025 88.-9999.035 88.325 88.725 89.115 89.185 89.275 89.455 89.635 91.925 91.955 91.895 91.245 9-9999.0.585 9-9999.0.185 9-9999.0.1-9999.05 9-9999.0.-9999.085 9-9999.0.135 9-9999.0.475 9-9999.0.645 9-9999.0.-9999.025 9-9999.0.-9999.045 9-9999.0.195 9-9999.0.355 93.225 95.865 95.745 93.425 9-9999.0.1-9999.05 93.875 97.475 97.245 96.955 94.585 91.265 9-9999.0.345 9-9999.0.335 9-9999.0.335 91.-9999.045 93.865 95.785 93.785 91.675 9-9999.0.425 9-9999.0.485 9-9999.0.575 9-9999.0.715 9-9999.0.845 91.425 95.655 96.2-9999.05 93.945 91.775 93.965 96.965 96.9-9999.05 94.515 91.965 91.994 92.-9999.084
86.195 86.275 86.585 87.-9999.035 87.455 87.845 88.285 88.445 88.435 88.765 89.175 89.585 89.795 89.985 92.135 94.255 96.385 93.915 94.465 95.355 92.5-9999.05 91.745 95.695 97.595 96.955 96.3-9999.05 96.125 92.895 9-9999.0.445 9-9999.0.545 9-9999.0.585 9-9999.0.635 92.375 91.845 9-9999.0.315 9-9999.0.-9999.095 9-9999.0.9-9999.05 93.675 92.6-9999.05 91.-9999.0-9999.05 9-9999.0.415 9-9999.0.525 9-9999.0.635 9-9999.0.645 9-9999.0.645 9-9999.0.695 9-9999.0.815 9-9999.0.875 9-9999.0.815 9-9999.0.745 9-9999.0.735 9-9999.0.785 9-9999.0.875 91.-9999.0-9999.05 91.135 91.225 91.285 91.365 91.485 91.6-9999.05 92.155 94.125 93.825 92.815 92.135 92.324 92.514
86.835 86.9-9999.05 87.115 87.465 87.755 88.2-9999.05 88.655 88.875 88.975 89.295 89.625 89.945 9-9999.0.195 9-9999.0.465 9-9999.0.445 91.-9999.015 92.8-9999.05 9-9999.0.655 9-9999.0.725 9-9999.0.725 9-9999.0.745 9-9999.0.765 9-9999.0.735 9-9999.0.735 93.-9999.085 98.725 98.835 93.-9999.015 9-9999.0.725 9-9999.0.735 9-9999.0.725 9-9999.0.815 9-9999.0.885 9-9999.0.695 9-9999.0.425 9-9999.0.165 9-9999.0.265 9-9999.0.375 9-9999.0.515 9-9999.0.655 9-9999.0.785 9-9999.0.875 9-9999.0.925 9-9999.0.945 9-9999.0.955 91.-9999.0-9999.05 91.175 91.275 91.245 91.195 91.185 91.195 91.265 91.365 91.465 91.545 91.615 91.685 91.765 91.855 92.265 92.745 92.775 92.685 92.565 92.774 92.974
87.155 87.5-9999.05 87.725 87.8-9999.05 88.115 88.585 89.-9999.065 89.285 89.675 91.725 94.275 95.515 94.585 9-9999.0.945 9-9999.0.855 9-9999.0.825 9-9999.0.815 9-9999.0.885 9-9999.0.955 91.-9999.0-9999.05 91.-9999.055 91.-9999.065 91.-9999.035 91.-9999.025 91.-9999.055 91.-9999.075 91.-9999.085 91.-9999.075 91.-9999.055 91.-9999.025 9-9999.0.995 91.125 91.295 91.-9999.085 9-9999.0.815 9-9999.0.545 9-9999.0.595 9-9999.0.685 9-9999.0.835 91.-9999.0-9999.05 91.155 91.135 91.155 91.2-9999.05 91.285 91.335 91.325 91.415 91.455 91.575 91.655 91.675 91.715 91.785 91.815 91.915 92.-9999.0-9999.05 92.145 92.3-9999.05 92.395 92.685 93.-9999.025 93.-9999.045 93.-9999.015 92.985 93.154 93.344
87.785 88.475 88.685 88.485 88.635 89.-9999.085 89.485 89.915 9-9999.0.345 9-9999.0.5-9999.05 9-9999.0.6-9999.05 92.325 92.2-9999.05 91.225 91.215 91.195 91.185 91.245 91.3-9999.05 91.355 91.395 91.395 91.335 91.3-9999.05 91.285 91.275 91.285 91.295 91.285 91.315 91.355 91.395 91.525 91.335 91.115 9-9999.0.935 9-9999.0.925 9-9999.0.975 91.165 91.365 91.525 95.-9999.015 97.475 95.885 93.375 91.745 91.735 91.785 91.9-9999.05 92.-9999.035 92.1-9999.05 92.125 92.135 92.135 92.145 92.245 92.4-9999.05 92.555 92.715 92.885 93.245 93.565 93.545 93.475 93.395 93.534 93.694
88.185 88.865 89.1-9999.05 91.395 94.525 92.945 91.175 9-9999.0.285 9-9999.0.665 92.945 95.145 97.355 95.455 91.435 91.435 91.555 91.655 91.645 91.585 91.635 93.415 94.925 93.275 91.685 91.635 91.615 91.615 91.585 91.6-9999.05 91.665 91.695 91.765 91.8-9999.05 91.655 91.475 91.315 91.285 91.275 91.485 91.695 91.865 91.845 91.855 91.975 92.-9999.085 92.155 92.155 92.265 92.515 92.735 92.765 92.615 92.585 92.645 92.715 92.755 92.795 92.955 93.115 93.265 93.6-9999.05 93.965 93.935 93.865 93.775 93.9-9999.04 94.-9999.064
91.725 92.3-9999.05 91.925 9-9999.0.565 9-9999.0.255 92.385 94.475 95.375 91.695 91.225 91.895 94.1-9999.05 91.815 91.655 91.775 91.925 92.115 91.985 91.875 91.975 92.-9999.075 92.125 92.145 92.125 92.-9999.065 92.-9999.0-9999.05 91.935 91.885 91.885 91.895 91.915 92.-9999.0-9999.05 92.1-9999.05 91.925 91.715 91.535 91.585 91.625 91.825 92.-9999.0-9999.05 92.145 92.135 92.155 92.3-9999.05 92.455 92.525 92.495 92.6-9999.05 92.855 93.-9999.095 93.115 92.925 92.915 93.-9999.045 93.175 93.345 93.395 93.445 93.5-9999.05 93.655 93.935 94.235 94.245 94.245 94.255 94.434 94.6-9999.04
91.-9999.0-9999.05 91.395 92.6-9999.05 94.5-9999.05 96.315 93.915 91.515 91.2-9999.05 91.525 91.675 91.785 91.835 91.845 91.885 92.165 92.435 92.6-9999.05 92.375 92.235 92.295 92.345 92.375 92.415 92.4-9999.05 92.365 92.325 92.295 92.325 92.325 92.265 92.2-9999.05 92.375 92.515 92.3-9999.05 92.845 93.435 91.965 92.-9999.045 92.2-9999.05 92.365 92.515 92.585 92.665 92.795 92.895 92.885 92.8-9999.05 92.885 93.1-9999.05 93.315 93.355 93.215 93.235 93.355 93.485 93.665 93.855 93.935 93.975 94.-9999.025 94.215 94.455 94.535 94.625 94.765 94.854 94.984
89.975 9-9999.0.415 9-9999.0.855 91.375 91.565 91.515 91.395 91.685 92.-9999.085 92.135 92.145 92.155 92.195 92.255 92.515 92.755 92.875 92.685 92.595 92.635 92.595 93.815 95.575 95.615 94.865 93.-9999.075 92.625 92.645 92.595 92.535 92.645 96.-9999.095 97.575 95.985 96.115 96.775 94.885 92.485 92.685 92.885 93.-9999.035 93.-9999.055 93.-9999.095 93.2-9999.05 93.315 93.325 93.185 93.175 93.295 93.485 93.525 93.945 93.555 93.665 93.775 93.985 94.225 94.295 94.335 94.365 94.555 94.745 94.985 95.215 95.385 95.374 95.384
9-9999.0.735 91.-9999.085 91.595 92.185 92.245 92.-9999.055 91.845 92.-9999.085 92.345 92.385 92.445 92.715 95.965 97.-9999.065 96.885 94.685 93.-9999.055 92.915 92.895 92.855 92.8-9999.05 94.615 94.875 95.-9999.085 95.255 93.6-9999.05 92.915 92.915 93.-9999.035 93.195 93.355 93.115 92.845 94.735 96.815 98.6-9999.05 95.785 92.835 93.-9999.045 93.265 93.4-9999.05 93.375 93.425 93.625 93.825 93.855 93.685 93.675 93.835 93.995 93.975 95.565 99.715 97.775 94.835 94.295 94.535 94.635 94.715 94.755 94.925 95.845 95.445 95.765 96.-9999.025 95.934 95.894
91.185 91.635 92.-9999.075 92.515 92.565 92.445 92.315 92.5-9999.05 92.6-9999.05 92.685 92.755 93.225 94.935 94.735 94.215 93.695 93.155 93.165 93.165 93.135 93.1-9999.05 95.285 96.915 96.7-9999.05 96.135 93.875 93.245 93.235 93.335 93.355 93.375 93.285 93.-9999.095 93.-9999.075 93.885 95.265 93.-9999.075 93.215 93.435 93.645 93.765 93.725 93.785 94.-9999.015 94.335 94.335 94.-9999.085 94.1-9999.05 94.315 94.485 97.-9999.035 1-9999.0-9999.0.695 1-9999.0-9999.0.1-9999.05 97.925 95.135 94.675 94.875 94.995 95.-9999.085 95.165 95.4-9999.05 1-9999.0-9999.0.-9999.045 1-9999.0-9999.0.525 98.345 96.525 96.324 96.214
91.585 92.-9999.0-9999.05 92.445 92.795 92.875 92.8-9999.05 92.865 92.885 92.885 93.1-9999.05 93.345 93.895 95.755 96.865 97.345 95.-9999.055 93.525 93.525 93.515 93.465 93.4-9999.05 95.555 99.325 99.595 96.855 94.115 93.585 93.575 93.565 93.555 93.555 93.495 93.425 93.385 93.345 93.345 93.455 93.595 93.795 93.995 94.115 94.-9999.085 94.195 94.545 94.885 94.855 94.5-9999.05 94.425 94.565 94.725 97.3-9999.05 1-9999.01.-9999.015 1-9999.0-9999.0.925 98.235 95.385 95.-9999.035 95.245 95.385 95.495 95.615 95.785 96.-9999.0-9999.05 96.325 96.645 96.865 96.714 96.634
91.935 92.3-9999.05 92.675 93.-9999.035 93.285 93.475 93.625 93.635 93.645 93.875 94.-9999.065 94.235 94.155 93.975 93.945 93.885 93.835 93.845 93.845 93.775 93.7-9999.05 93.775 93.925 93.945 93.935 93.925 93.915 93.915 93.925 93.925 94.-9999.015 95.-9999.015 95.355 93.775 93.755 93.755 93.835 93.955 94.2-9999.05 94.445 94.575 94.495 94.565 94.855 95.145 95.115 94.795 94.735 94.825 94.9-9999.05 95.125 96.-9999.065 99.795 98.285 95.655 95.475 95.725 95.895 96.-9999.065 96.195 96.275 96.355 96.625 96.925 97.155 97.174 97.2-9999.04
93.175 93.375 92.975 93.335 93.6-9999.05 93.885 94.165 94.225 94.295 94.495 94.645 94.655 94.445 94.3-9999.05 94.235 94.165 94.145 94.185 94.195 94.165 94.125 94.195 94.325 94.325 94.265 94.215 94.245 94.285 94.3-9999.05 94.335 94.575 98.9-9999.05 98.465 99.9-9999.05 96.745 94.195 94.215 94.355 94.6-9999.05 97.885 98.995 94.925 94.995 95.255 95.485 95.455 95.185 95.-9999.095 95.135 95.135 95.385 95.695 95.725 95.685 95.655 95.8-9999.05 96.-9999.015 96.295 96.5-9999.05 96.665 96.735 96.825 97.-9999.075 97.3-9999.05 97.525 97.674 97.734
97.-9999.015 97.285 98.665 1-9999.0-9999.0.625 1-9999.0-9999.0.515 97.695 94.865 94.765 94.795 94.845 94.885 94.9-9999.05 94.765 94.645 94.6-9999.05 94.555 94.545 94.595 94.6-9999.05 94.555 94.515 94.6-9999.05 94.745 94.7-9999.05 94.6-9999.05 94.555 94.585 94.625 94.665 97.565 1-9999.03.155 99.475 94.685 94.675 94.665 94.7-9999.05 94.735 94.775 94.855 94.935 96.835 99.625 1-9999.01.-9999.075 99.695 96.955 95.755 95.525 95.435 95.425 95.415 95.675 96.-9999.045 96.1-9999.05 96.-9999.085 96.-9999.065 96.135 96.235 96.515 96.825 97.-9999.095 97.1-9999.05 97.185 97.425 97.675 98.815 1-9999.0-9999.0.4-9999.04 1-9999.01.124
