libjsqlite-spatialite-android/spatialite-android-library/jni/librasterlite2-5.0.0/test/map_samples/ascii/ascii1.asc
ncols 600
nrows 600
xllcorner 1646100.00000000
yllcorner 4739680.00000000
cellsize 1.00000000
NODATA_value -9999.00000000
[rows 116 to 144 of 600, columns 268 to 334 of 600]
137.752 137.512 137.272 137.262 137.482 136.632 135.502 134.382 133.802 133.432 133.402 133.442 133.482 133.682 134.162 133.602 133.042 133.922 136.112 137.062 136.492 136.152 136.012 136.672 137.152 137.402 137.852 138.442 139.562 140.452 140.852 141.152 141.392 141.592 141.752 141.872 141.942 141.802 140.932 140.622 140.702 140.782 140.952 141.312 141.522 141.652 141.651 141.331 141.091 141.491 142.131 142.841 143.151 143.181 143.331 143.341 143.271 143.361 142.951 143.321 143.751 144.121 144.571 145.251 145.781 146.321 146.771
137.812 137.472 136.902 136.782 137.092 137.072 136.922 134.952 132.792 131.462 131.812 132.292 132.772 132.982 133.342 134.202 134.812 135.062 136.282 136.792 136.262 135.712 135.272 135.852 136.542 137.212 137.882 138.572 139.332 139.912 140.182 140.422 140.672 140.912 141.242 141.492 141.682 140.012 137.072 139.112 139.492 138.592 139.502 141.112 141.092 141.142 141.182 141.571 142.101 142.391 142.621 142.851 143.031 143.161 143.311 143.461 143.601 143.281 142.911 143.131 143.481 143.831 144.691 145.351 145.881 146.231 146.521
137.682 137.042 136.402 136.272 136.672 136.702 136.592 136.492 136.022 135.502 135.732 136.032 136.342 134.352 133.242 134.032 134.702 135.372 136.182 136.572 136.172 135.782 135.422 135.552 135.752 136.762 137.632 138.362 138.712 139.082 139.502 139.912 139.912 139.562 139.912 140.462 141.092 141.252 140.842 140.782 140.812 140.832 140.892 140.982 140.872 140.702 140.002 140.802 141.291 141.641 141.971 142.301 142.611 142.901 143.081 143.241 143.411 143.281 143.121 143.261 143.401 143.531 143.641 144.101 144.641 145.281 146.041
137.762 137.372 136.982 136.662 136.592 136.582 136.442 134.612 133.902 135.292 135.832 136.212 136.592 135.442 135.522 135.452 135.282 134.562 135.042 135.482 135.552 135.152 134.372 132.242 131.032 132.092 133.152 135.622 137.922 138.282 138.892 139.512 139.702 139.092 139.152 139.662 140.342 140.492 140.552 140.622 140.692 140.762 139.352 137.362 137.842 140.402 140.552 139.022 137.552 140.271 142.051 142.631 142.791 142.661 142.541 141.911 141.201 140.861 141.231 141.791 142.561 143.631 143.721 143.871 144.551 145.231 145.961
136.852 137.472 137.112 136.832 136.422 136.262 136.192 134.342 134.032 135.772 136.202 136.292 136.382 135.432 135.062 134.542 133.922 133.242 133.432 133.702 133.782 133.952 133.302 130.252 129.272 132.082 135.412 137.682 137.452 137.512 137.962 138.562 138.862 138.822 139.062 139.482 139.902 140.132 140.352 140.472 140.472 140.532 140.852 141.142 141.162 141.082 141.002 141.762 142.702 141.822 139.861 137.911 140.651 142.381 142.261 140.971 139.621 140.231 141.111 143.441 143.531 143.621 143.801 143.991 144.571 145.171 145.761
137.882 137.462 137.052 136.472 135.822 135.812 135.922 136.022 136.002 136.012 135.902 135.792 135.702 134.302 133.192 132.312 130.582 130.342 132.012 132.862 132.252 133.832 133.072 133.752 135.042 135.762 136.472 137.022 137.262 137.422 137.692 137.912 138.442 138.972 139.212 139.412 139.602 139.982 140.482 140.572 140.512 140.452 140.212 140.242 140.272 140.292 140.392 141.062 141.942 141.912 141.832 141.751 142.251 142.781 142.891 143.001 143.021 142.571 142.241 142.991 142.411 141.251 143.571 143.781 144.361 144.861 145.331
138.132 137.602 137.092 136.472 135.682 135.732 135.892 135.972 135.982 135.902 135.212 134.832 134.452 131.242 130.762 130.462 131.112 133.712 134.882 135.412 135.482 134.792 134.292 134.402 134.862 135.412 136.022 136.442 136.792 137.012 137.102 137.192 137.242 135.182 136.632 139.272 139.792 140.102 140.122 140.212 140.312 140.422 140.212 139.902 140.002 140.152 140.322 140.892 141.352 141.352 140.622 139.152 141.921 142.501 142.661 142.641 142.571 142.561 142.751 142.761 142.761 141.961 143.261 143.821 143.941 144.051 144.501
138.682 138.162 137.642 135.422 132.262 133.412 135.312 135.502 135.582 135.572 134.832 134.072 133.312 133.092 132.962 133.142 132.732 132.422 133.142 134.012 133.692 132.862 131.942 130.842 131.602 133.902 136.182 136.592 136.662 136.972 137.342 137.622 137.872 138.122 138.542 138.942 139.332 139.482 139.612 139.732 139.832 139.942 139.912 139.872 139.962 140.072 140.182 140.512 140.862 140.902 140.932 140.972 140.922 141.221 141.381 141.721 142.131 142.351 142.501 142.691 142.761 142.801 141.111 142.041 144.081 144.181 144.281
138.582 138.242 137.952 137.722 137.332 136.872 136.162 135.442 135.022 135.012 134.232 133.462 132.722 132.482 132.372 132.612 132.932 132.082 127.212 128.152 131.232 132.472 132.532 134.142 135.112 135.652 136.202 136.502 136.512 136.842 137.202 137.522 137.452 137.242 137.592 138.092 138.592 138.942 139.232 139.352 139.512 139.672 139.752 139.832 139.892 139.952 140.022 140.252 140.542 140.612 140.692 140.752 140.912 141.112 141.371 141.631 141.951 141.991 142.061 142.321 141.821 140.981 143.391 143.871 144.311 144.171 144.061
138.222 137.952 137.702 137.112 136.132 135.752 135.402 135.262 135.012 134.522 133.542 132.742 131.702 128.542 128.332 130.232 132.142 132.392 131.152 131.972 133.252 133.352 133.342 133.812 134.662 135.292 135.752 136.132 136.082 136.202 136.432 136.662 136.572 136.542 137.002 137.662 138.372 138.762 139.182 139.372 139.532 139.692 139.812 139.922 139.942 139.962 140.032 140.182 140.192 140.022 140.012 140.052 140.632 141.162 141.362 141.461 141.571 141.731 142.331 142.591 142.851 142.671 144.071 144.531 143.601 142.871 142.801
138.232 137.822 137.392 136.482 135.522 135.342 135.172 135.042 134.992 134.672 133.452 132.222 131.162 132.362 133.092 133.152 133.322 132.042 126.832 130.412 133.652 134.092 134.162 133.742 133.812 134.182 134.612 134.972 134.542 135.582 135.772 135.962 136.392 136.892 137.292 137.562 137.842 138.302 138.932 139.072 139.122 139.172 139.572 140.042 139.062 137.432 135.992 137.922 139.862 139.692 139.512 139.402 139.912 140.432 140.642 140.962 141.351 142.061 142.511 143.111 143.351 143.661 144.441 144.411 144.041 143.111 142.401
138.082 137.612 137.122 136.322 135.412 134.972 134.572 134.172 134.052 133.912 133.452 132.842 132.032 133.202 133.812 133.542 133.282 133.122 132.982 132.832 132.942 133.192 133.212 132.772 132.862 133.122 133.382 133.862 133.832 134.162 134.792 135.292 135.592 136.062 136.322 136.562 136.812 137.502 138.332 138.432 138.462 138.492 139.292 139.852 139.662 139.462 139.272 139.202 139.182 139.142 139.102 139.052 139.572 140.062 140.462 140.852 141.262 141.441 141.741 142.351 142.971 143.521 143.501 143.441 143.161 142.881 142.731
138.102 137.522 137.012 136.222 135.352 134.602 133.862 133.142 132.982 132.652 130.512 128.642 128.632 132.812 133.202 132.862 132.522 132.302 132.322 132.202 132.132 132.062 132.222 132.042 131.932 131.952 131.982 132.642 133.782 134.312 134.672 135.092 135.242 135.152 136.012 136.602 137.192 137.882 138.212 137.942 137.672 137.632 138.382 138.992 139.182 139.302 139.102 138.842 138.752 138.772 138.842 138.982 139.432 139.852 140.202 140.602 140.942 141.132 141.491 141.901 142.321 142.801 142.741 142.641 142.491 142.301 142.171
138.512 137.622 136.732 135.892 134.772 134.542 134.232 133.572 133.092 132.962 133.112 133.252 133.292 133.062 133.012 133.172 133.162 132.502 130.972 130.852 130.622 130.402 130.582 131.112 131.432 129.942 128.452 130.402 133.702 134.302 134.582 134.862 134.302 133.982 134.962 135.942 136.892 137.392 137.872 137.702 136.042 134.602 136.172 137.792 136.602 135.822 135.462 137.792 139.022 138.992 138.892 138.952 139.592 140.032 140.312 139.042 138.202 139.892 141.422 141.591 141.871 142.071 141.971 141.901 141.791 141.671 141.691
138.262 137.322 136.282 134.912 133.722 133.652 133.692 133.722 133.472 133.152 133.172 133.192 133.222 132.922 132.832 132.892 132.962 132.642 131.142 130.412 130.302 130.202 130.282 130.632 130.952 131.192 131.582 131.762 132.612 133.212 133.782 134.492 133.132 130.122 132.372 134.662 135.612 136.152 136.682 136.782 136.942 137.282 137.882 138.322 138.942 139.502 139.802 139.422 139.002 138.752 138.512 138.592 139.252 139.832 140.302 140.772 140.822 140.962 141.782 141.722 141.581 141.451 141.441 141.401 141.311 141.221 141.261
136.902 136.732 135.652 134.712 134.392 134.222 134.042 133.692 133.502 133.302 133.112 132.942 132.872 133.002 132.792 132.652 132.512 132.072 131.102 130.522 130.332 130.142 130.292 130.392 130.822 131.322 131.812 131.892 131.862 132.612 133.482 134.382 134.732 135.032 135.222 135.362 135.502 135.972 136.132 136.402 136.682 137.032 137.542 137.902 138.472 138.982 139.262 139.092 139.022 138.642 137.532 137.212 138.772 139.462 139.962 140.472 140.962 141.342 141.472 141.352 141.232 141.111 141.081 141.171 141.371 141.001 140.861
136.392 134.762 133.422 135.542 134.812 134.462 134.112 133.742 133.312 133.052 132.772 132.502 132.342 132.602 132.632 132.462 132.252 132.002 131.642 130.802 130.012 129.402 129.622 130.012 130.372 130.722 131.062 131.612 132.082 132.822 133.552 134.282 134.782 135.162 135.382 135.542 135.672 135.822 136.022 136.352 136.672 136.912 136.582 136.712 137.442 138.262 138.952 139.062 139.042 138.872 138.692 138.672 139.022 139.422 139.872 140.222 140.562 140.892 141.052 140.972 140.872 140.792 140.801 140.891 141.061 141.231 141.401
135.812 133.952 133.682 134.052 134.742 134.592 134.322 133.602 129.992 128.822 130.882 132.382 132.222 132.272 132.212 132.012 131.812 131.742 131.542 131.062 130.472 129.682 128.942 129.002 129.392 129.782 130.312 131.002 131.742 132.532 133.322 134.262 134.782 135.282 135.232 135.182 135.272 135.552 135.902 136.282 136.602 136.872 137.052 137.122 137.722 138.332 138.572 136.782 135.822 136.502 138.252 138.572 138.722 138.952 139.302 139.642 139.972 140.292 140.442 140.442 140.412 140.462 140.502 140.581 140.701 140.821 141.071
136.272 135.402 134.452 134.562 135.692 135.762 133.772 132.122 132.852 134.222 133.552 132.802 132.312 132.322 132.102 131.682 131.262 131.152 131.332 130.912 130.362 129.802 129.462 128.742 129.012 129.402 129.982 130.662 131.562 132.742 133.912 135.042 135.362 135.532 134.782 133.092 131.612 131.482 131.942 134.302 135.802 136.082 136.622 137.032 137.152 137.342 137.552 137.802 138.092 138.182 138.192 138.212 138.222 138.402 138.772 139.142 139.492 139.652 139.512 139.292 139.192 139.252 139.762 140.152 140.301 139.431 139.851
134.862 133.102 132.212 134.342 136.582 136.162 135.742 134.922 133.722 134.102 133.472 132.852 132.682 132.752 132.312 131.642 131.202 131.072 131.222 130.752 130.092 129.462 129.342 129.312 129.662 129.952 130.232 131.052 131.972 132.992 133.902 134.812 135.622 136.162 135.792 135.442 135.232 136.222 136.672 136.312 135.962 135.732 135.922 136.262 135.732 134.282 134.502 137.112 137.402 137.552 137.732 137.862 137.862 138.042 138.382 138.732 138.892 138.782 138.682 138.612 138.532 138.712 139.242 139.582 139.772 139.961 140.201
136.272 135.962 135.682 136.082 136.302 135.882 135.442 134.982 134.132 133.392 133.092 132.792 132.652 133.142 133.132 132.412 131.702 131.172 131.312 130.812 130.142 129.482 128.282 128.002 128.692 129.392 130.622 131.492 132.392 133.112 133.832 134.202 135.032 135.682 135.912 136.142 136.332 136.642 136.762 136.382 135.982 135.602 135.542 135.232 134.552 135.582 135.802 134.532 134.292 135.562 137.172 137.292 137.442 137.722 138.062 138.412 138.572 139.082 139.142 138.952 138.752 138.832 139.172 139.352 139.452 139.562 139.801
136.062 135.792 135.542 135.832 135.942 135.472 134.802 134.042 132.982 132.482 132.242 131.992 131.672 131.622 131.812 131.942 132.072 132.022 131.562 130.682 130.002 129.322 129.082 127.712 128.922 130.142 131.392 132.012 132.472 132.542 132.782 133.142 134.082 134.962 135.172 135.382 135.612 136.162 136.672 136.142 135.642 135.262 135.012 135.182 135.172 134.932 135.302 136.582 136.462 136.452 136.442 136.632 137.042 137.432 137.802 138.162 138.612 139.132 139.272 139.222 139.012 139.002 139.022 138.662 138.482 138.422 138.702
135.802 135.522 135.282 135.422 134.902 134.012 133.212 132.432 132.322 132.152 131.782 131.452 131.322 131.042 131.422 132.042 132.732 132.472 131.602 130.542 129.392 128.482 129.082 129.972 130.812 131.522 132.232 132.232 132.232 132.252 132.272 132.372 133.302 134.152 134.362 133.722 132.962 134.352 136.662 135.482 133.402 132.332 135.062 135.252 135.732 136.032 136.312 136.452 136.242 135.942 135.632 135.932 136.792 137.312 137.652 137.392 137.262 138.292 139.062 139.072 139.082 138.882 138.502 138.132 137.682 137.322 137.162
134.042 135.342 134.872 134.492 133.982 133.232 132.472 131.942 131.982 131.942 131.822 131.632 131.682 132.032 132.112 132.092 132.082 129.952 127.732 127.602 128.272 128.942 128.992 129.712 130.592 131.512 132.432 132.072 131.832 131.812 131.782 131.882 132.742 133.482 133.972 134.462 133.652 134.392 136.422 136.322 136.102 135.912 135.312 134.992 135.002 135.062 135.352 136.102 136.482 136.582 136.542 136.772 137.092 137.342 137.562 137.162 136.912 138.022 138.782 138.952 139.132 139.112 138.832 138.902 139.082 139.252 138.582
135.782 135.062 134.382 133.922 133.372 132.752 132.132 131.742 131.702 131.662 131.612 131.562 131.912 132.512 132.072 131.372 130.682 131.092 131.982 131.212 130.492 129.772 126.332 130.612 131.232 131.862 132.352 131.952 131.632 131.732 131.792 131.912 132.342 132.842 133.492 134.132 134.852 135.492 135.472 135.232 134.992 134.812 134.752 134.742 134.642 134.552 134.052 134.052 136.392 136.362 136.342 136.662 137.242 137.662 137.912 138.162 138.402 138.332 138.322 138.412 138.552 138.642 138.722 138.852 138.972 139.052 138.912
135.762 135.122 134.492 133.832 133.082 132.442 131.882 131.522 131.442 131.432 131.442 131.462 131.642 132.222 129.742 126.522 123.502 127.382 131.952 131.072 130.122 129.232 130.342 131.482 131.002 132.132 132.382 131.962 131.662 131.662 131.632 131.692 132.072 132.512 133.222 133.842 134.222 134.362 134.412 134.382 134.342 134.232 134.122 134.112 134.002 133.932 133.782 133.262 132.952 132.732 134.212 136.442 137.542 138.022 138.282 138.382 138.222 137.872 137.892 138.012 138.122 138.182 138.202 138.342 138.412 138.492 137.982
135.802 135.262 134.622 133.842 133.142 132.502 131.862 131.452 131.372 131.332 131.322 131.332 131.412 131.532 131.392 131.162 130.932 130.572 130.552 130.532 130.302 129.332 130.332 131.282 130.802 130.362 130.042 131.252 132.002 131.582 131.162 131.082 131.472 131.832 132.162 132.622 132.982 133.382 133.752 133.972 134.192 133.732 132.142 131.912 133.022 133.852 133.762 133.412 133.922 134.482 134.482 136.292 137.422 137.702 137.772 137.852 137.772 137.842 137.852 137.862 137.862 137.862 137.822 137.652 137.472 137.442 136.892
135.432 134.832 134.182 133.332 132.682 132.212 131.742 131.512 131.432 131.352 131.292 131.232 131.182 131.232 130.782 130.252 129.802 129.382 128.962 129.092 129.222 129.352 129.882 130.522 130.432 130.352 130.222 131.202 131.802 131.792 131.382 130.992 130.852 131.082 131.372 131.642 132.012 132.532 133.142 133.362 133.642 133.652 133.372 133.212 133.172 133.132 132.852 132.382 132.952 134.072 135.362 136.322 137.122 137.322 137.452 137.572 137.682 138.112 137.912 137.712 137.672 137.592 137.482 137.272 137.092 136.922 136.352
134.932 134.662 134.212 133.192 132.532 132.162 131.822 131.632 131.582 131.462 131.322 131.182 131.472 131.602 130.812 130.182 129.712 129.812 129.762 129.472 129.192 129.102 129.452 129.812 129.502 127.952 126.862 129.032 130.712 130.292 128.922 129.302 131.032 130.902 130.782 130.662 131.162 132.302 132.902 133.112 133.312 133.212 132.922 132.662 132.382 132.102 132.122 132.482 133.492 134.662 135.702 136.432 137.012 137.192 137.302 137.512 138.062 138.732 138.422 138.042 137.662 137.402 137.232 137.022 136.812 136.602 136.962
