libjsqlite-spatialite-android/spatialite-android-library/jni/librasterlite2-5.0.0/test/map_samples/ascii/ascii1.asc
ncols 600
nrows 600
xllcorner 1646100.00000000
yllcorner 4739680.00000000
cellsize 1.00000000
NODATA_value -9999.00000000
[rows 145 to 173 of 600, columns 402 to 468 of 600]
141.821 141.291 141.501 143.381 144.691 144.981 143.431 143.681 143.731 143.781 143.911 143.641 143.711 143.701 143.681 143.641 143.971 144.231 144.381 144.541 144.671 144.661 144.841 145.271 145.681 145.811 145.521 145.631 145.821 146.021 146.321 146.161 146.971 147.821 148.351 148.031 147.741 148.161 148.361 148.291 144.831 143.651 145.311 146.981 148.171 148.501 148.921 149.491 150.071 150.511 150.951 150.961 150.921 150.88 150.03 149.28 149.33 149.31 149.31 150.12 150.97 151.71 152.33 152.7 153.33 153.27 152.88
144.781 144.691 144.641 144.671 144.641 144.611 144.381 144.491 144.331 144.091 143.781 143.761 143.541 143.551 143.551 143.551 143.731 143.871 143.991 144.161 144.211 144.091 144.351 144.821 145.261 145.431 145.371 145.491 145.751 146.001 146.281 146.571 147.021 147.481 147.931 147.521 147.191 147.611 147.731 147.651 147.611 148.431 148.031 147.621 147.791 148.331 148.751 149.121 149.691 150.441 151.311 150.981 150.591 150.191 149.39 148.74 148.94 149.14 149.2 149.55 149.92 150.63 151.39 152.18 152.95 152.87 152.64
144.641 144.701 144.691 144.611 144.531 144.451 144.051 143.671 143.531 143.431 143.341 143.301 143.371 143.501 143.521 143.241 143.741 143.881 143.921 143.961 143.881 143.631 143.701 142.831 141.961 142.771 145.191 145.421 145.111 145.331 145.721 146.111 146.551 146.881 147.211 146.661 146.131 145.701 145.601 145.871 147.081 147.751 147.591 147.431 147.641 148.261 148.901 149.281 149.651 150.141 151.001 150.561 150.091 149.631 149.251 148.84 149.02 149.02 148.95 149.24 149.61 150.07 150.54 151.22 151.95 152.34 152.43
141.311 142.131 144.541 144.331 144.151 144.001 143.571 143.061 143.051 143.051 142.991 142.881 142.891 143.131 143.371 143.221 141.931 141.421 142.091 143.841 143.711 143.271 143.481 143.931 144.381 144.881 145.451 145.481 145.141 144.801 145.091 145.521 144.851 144.171 145.511 144.611 145.521 145.591 145.681 145.831 146.601 147.141 147.351 147.221 147.341 147.811 148.501 149.211 149.931 150.121 150.031 149.851 149.671 149.321 149.081 148.521 147.27 147.49 148.31 149.03 149.14 149.08 149.51 150.06 150.79 151.16 151.4
145.151 144.841 144.261 143.981 143.671 143.351 142.931 142.481 142.621 142.671 142.721 143.701 143.601 143.171 143.081 143.381 143.811 144.021 144.021 143.901 143.631 143.171 143.391 143.931 144.441 144.461 144.381 144.381 144.301 144.161 144.491 144.961 144.771 144.451 144.151 144.661 145.351 145.381 145.411 145.561 146.001 146.401 146.641 146.871 147.081 147.471 147.551 147.821 148.441 148.591 148.531 148.431 148.501 148.571 148.511 147.951 147.081 146.95 147.21 148.79 149.1 148.95 148.8 149.22 150.43 150.3 149.92
144.921 144.671 144.381 143.601 142.831 142.371 142.121 141.851 142.031 142.211 142.411 142.151 141.851 142.231 142.641 142.991 143.141 143.341 143.501 143.671 143.611 143.101 143.221 143.691 144.151 142.531 139.791 141.101 142.711 144.331 144.041 144.271 144.361 144.501 144.701 144.911 145.071 145.131 145.161 145.251 145.531 145.981 146.491 146.981 147.141 147.131 147.241 147.241 147.241 147.341 147.581 147.651 147.711 147.591 147.591 147.111 146.041 144.981 144.87 147.93 148.28 148.72 149.09 149.49 150.33 149.07 147.44
144.271 144.331 144.071 143.501 142.741 141.941 141.921 141.711 141.681 141.681 141.881 142.191 142.221 142.331 142.431 142.591 142.411 142.581 143.031 143.341 143.291 142.881 142.981 143.291 143.601 143.981 144.451 144.621 144.891 145.151 144.601 144.001 144.111 144.211 144.381 144.601 144.701 144.751 144.811 144.961 145.201 145.751 146.501 147.051 146.871 146.441 146.751 147.121 147.301 147.091 146.751 146.431 146.161 145.931 146.301 146.511 146.691 146.881 147.191 147.57 147.67 147.87 148.31 149.1 150.21 149.76 149.26
143.241 143.361 143.321 142.751 142.241 141.751 141.811 141.801 141.111 140.151 139.251 140.541 141.691 141.811 141.881 141.821 141.471 141.591 142.061 142.521 142.911 142.681 142.931 143.341 143.671 144.311 145.061 145.171 145.261 145.351 144.761 144.131 144.001 143.871 143.821 144.381 144.521 144.391 144.281 144.431 144.801 145.441 146.231 147.031 147.521 146.831 147.161 147.361 146.851 146.771 146.411 145.781 145.311 145.251 145.581 146.071 146.081 146.201 146.581 147.421 147.06 147.36 147.65 147.81 148.04 148.86 149.58
142.371 142.661 142.701 142.491 142.281 141.841 141.911 141.881 141.621 141.361 141.041 140.911 140.901 141.031 141.161 141.311 141.341 141.411 141.561 141.711 142.011 142.371 143.011 143.541 144.061 144.241 144.931 144.921 144.901 144.951 144.901 144.491 144.101 143.621 143.141 143.591 144.041 144.401 144.271 144.141 144.271 145.001 145.911 146.821 147.311 147.481 147.021 146.501 145.981 146.211 146.561 146.801 147.031 147.191 144.301 143.041 143.241 143.431 144.931 145.871 146.091 146.47 147.17 146.66 145.7 146.56 147.55
141.671 141.871 142.071 141.891 141.701 141.531 141.991 141.921 141.591 141.271 140.941 140.141 140.151 140.321 140.491 140.641 140.551 140.751 141.041 141.121 141.491 142.021 142.821 143.711 144.421 144.471 144.231 144.671 144.631 144.601 144.081 143.851 143.411 142.921 142.481 142.761 143.121 143.561 144.001 144.151 143.941 144.121 144.831 145.631 146.331 146.741 146.291 146.081 145.881 146.331 146.761 147.031 147.241 147.371 146.961 146.681 146.541 146.281 146.161 143.561 144.161 145.571 146.97 147.39 146.58 146.7 146.82
141.611 141.461 141.481 141.321 141.161 141.011 141.411 141.621 141.291 140.891 140.551 140.111 139.821 140.071 140.311 140.041 139.141 139.361 139.781 140.561 141.121 141.871 141.611 141.861 142.431 142.671 142.631 143.221 143.811 144.321 143.391 142.671 142.511 142.421 142.431 142.861 143.251 143.561 143.901 143.971 143.481 143.661 144.001 144.341 144.971 145.701 145.861 145.711 145.531 145.831 146.141 146.451 146.951 147.341 147.081 146.811 146.821 146.911 146.961 146.951 147.101 147.351 147.611 147.56 147.32 147.1 147.18
141.161 141.421 141.231 140.961 140.741 140.591 140.331 140.441 140.231 140.011 139.811 139.801 139.901 140.101 140.301 140.721 140.631 140.741 141.081 141.421 141.821 141.911 140.861 140.451 140.041 141.431 142.001 141.671 142.271 142.881 142.071 141.521 141.791 142.071 142.411 142.581 142.821 143.131 143.411 143.631 143.391 143.491 143.771 144.111 144.241 144.471 144.621 144.781 144.871 145.311 145.861 146.351 146.851 147.061 146.581 146.711 147.141 147.241 147.011 146.461 146.731 147.171 147.501 147.501 147.31 147.12 146.93
140.521 140.911 141.061 140.711 140.371 140.061 139.911 139.681 139.481 139.341 139.411 140.201 140.141 140.011 139.911 140.341 140.991 141.121 141.071 141.081 141.021 141.031 139.471 138.571 139.251 141.451 142.741 142.321 141.821 141.301 140.371 140.261 140.791 141.311 141.701 141.721 141.941 142.251 142.561 142.881 143.251 143.431 143.711 143.991 143.561 143.491 143.891 144.201 144.361 145.161 145.841 146.331 146.821 146.991 145.931 145.891 146.411 146.931 147.051 146.251 146.421 146.861 147.301 147.111 146.811 146.63 146.47
139.431 140.171 140.341 140.011 139.681 139.401 139.361 139.251 139.081 138.921 138.911 139.661 140.201 140.541 139.581 139.551 140.541 140.601 140.561 140.521 140.531 140.471 140.681 140.881 141.081 141.421 142.021 141.991 141.961 141.341 139.181 138.461 137.651 136.841 139.121 141.751 141.771 141.661 141.911 142.551 143.501 143.721 143.841 143.971 142.981 141.761 141.821 142.491 144.031 144.601 145.261 145.801 145.921 146.091 146.211 145.711 145.501 145.841 146.121 146.111 146.421 146.781 147.141 146.911 146.451 146.281 146.11
138.781 139.251 139.721 139.741 139.551 139.281 138.971 138.911 138.831 138.741 138.771 139.231 139.661 140.061 140.461 140.791 140.921 140.691 140.391 140.161 140.231 140.341 140.561 140.801 141.041 141.121 141.131 140.181 139.231 138.971 137.591 137.411 139.051 140.701 141.371 141.611 141.701 141.621 141.541 141.741 142.561 143.211 143.821 144.021 141.931 142.301 142.561 142.831 144.001 144.301 144.361 144.251 144.231 144.421 145.631 145.941 145.741 145.551 145.161 145.221 145.551 145.891 146.251 146.281 146.181 145.941 145.691
139.281 138.971 138.961 138.951 138.951 139.041 138.901 138.621 138.461 138.391 138.541 139.171 139.591 139.971 140.361 140.551 140.471 140.521 140.431 140.121 140.211 140.411 140.671 140.931 141.181 140.801 140.371 140.501 140.761 140.991 141.311 141.191 140.581 140.021 140.021 140.971 141.101 141.101 141.091 141.311 141.651 142.121 142.701 143.281 143.581 143.211 143.051 143.131 143.291 143.591 143.651 143.871 144.361 145.011 146.011 146.031 145.931 145.781 145.081 142.531 142.681 143.831 145.301 145.751 145.821 145.571 145.051
139.061 140.251 139.811 138.941 138.071 138.161 138.611 138.631 138.441 138.261 137.951 138.521 139.041 139.461 139.751 139.741 139.511 139.561 139.761 139.961 139.951 140.121 140.261 140.441 140.631 140.261 139.831 139.621 139.601 139.731 140.031 139.861 139.191 138.601 138.831 140.181 140.701 140.881 140.871 140.671 140.721 141.091 141.471 141.961 142.391 142.871 142.731 142.571 142.491 142.931 143.441 144.031 144.511 144.891 145.231 145.241 145.141 145.041 144.791 143.571 143.751 144.011 144.881 145.251 145.151 144.611 144.071
135.971 139.231 139.981 138.001 136.301 135.701 137.461 138.321 138.371 138.421 138.031 137.291 137.801 138.311 138.891 138.721 138.271 138.871 139.561 140.071 139.741 139.441 139.571 139.701 139.521 138.501 138.921 137.571 137.401 138.451 139.291 139.421 139.221 138.981 139.181 139.891 140.111 140.291 140.471 140.201 139.751 140.471 140.931 141.351 141.811 142.271 142.201 142.131 142.071 142.491 142.571 143.171 143.521 143.901 144.471 144.521 144.401 144.291 144.301 144.191 144.441 144.391 144.091 144.291 144.261 144.081 144.001
140.761 140.951 140.581 139.631 138.671 138.071 137.991 137.761 137.681 137.681 137.391 136.821 137.071 137.521 138.051 137.771 137.091 137.761 138.571 139.371 139.471 139.101 139.341 139.411 138.421 139.101 139.331 138.731 138.621 138.691 139.311 139.461 139.481 139.491 139.371 139.391 139.531 139.531 139.621 139.261 138.731 139.471 140.231 141.051 141.441 141.751 141.791 141.721 141.771 142.381 142.261 141.601 141.511 142.051 143.921 143.931 143.801 143.671 143.751 143.951 143.571 143.201 142.841 143.631 144.241 144.171 144.021
141.071 140.711 140.211 139.261 138.311 137.741 137.901 137.711 137.421 137.091 136.801 136.411 136.651 137.121 137.591 137.651 137.311 137.811 138.321 138.001 137.431 138.851 139.071 139.321 139.531 139.161 139.341 139.841 140.051 139.801 139.211 139.271 139.491 139.511 139.571 139.191 139.031 139.001 139.011 138.941 138.521 139.251 139.971 140.801 141.041 141.221 141.281 141.351 141.461 141.721 141.611 141.241 141.061 143.031 142.941 142.851 142.761 142.191 142.791 143.361 142.981 142.581 142.191 143.321 143.851 142.531 142.351
140.811 140.611 140.361 139.911 139.121 138.121 137.631 137.381 136.981 136.621 136.451 136.371 136.601 136.961 137.201 137.111 136.851 137.351 137.641 137.221 137.741 138.711 138.921 139.141 139.291 138.731 138.371 138.851 139.341 139.611 138.961 138.631 138.561 138.541 138.601 138.731 138.701 138.591 138.491 138.531 138.631 138.981 139.641 140.291 140.661 140.361 139.141 138.791 139.041 140.201 140.321 141.061 141.801 142.101 141.891 141.121 140.531 139.931 140.681 143.011 142.571 142.131 142.281 143.331 143.751 143.231 142.941
140.451 140.471 140.141 139.621 139.111 138.431 137.531 137.041 136.621 136.201 136.061 136.081 135.901 135.801 135.981 136.011 136.021 136.521 137.021 137.521 138.191 138.381 138.071 138.061 138.261 138.951 138.801 138.521 138.231 138.471 138.201 137.971 137.751 137.541 138.111 138.891 138.851 138.581 138.311 138.711 139.171 139.291 139.421 139.611 140.031 140.371 140.581 140.761 140.971 139.571 139.081 140.371 142.091 142.901 142.691 141.601 141.091 140.741 141.961 142.621 142.141 142.471 142.801 143.801 143.871 143.741 143.641
138.471 139.861 139.491 138.921 138.351 137.761 137.271 136.771 136.271 135.771 135.611 135.741 135.801 135.721 135.641 134.851 134.941 135.541 136.131 136.691 137.461 137.961 137.671 137.361 137.181 137.861 138.321 138.501 138.231 137.911 137.611 137.261 136.841 136.431 136.871 137.771 138.271 138.121 137.881 138.541 139.051 139.001 139.011 139.131 139.451 139.751 139.981 140.211 140.431 140.911 141.521 142.181 142.791 142.681 138.101 139.271 140.561 141.851 142.191 141.991 140.821 140.451 140.791 143.291 143.481 143.411 143.321
136.051 136.381 136.661 136.981 137.301 137.311 136.881 136.481 136.101 135.621 135.281 135.231 135.601 135.981 136.331 135.321 134.041 134.491 135.111 135.721 136.351 136.811 136.651 136.481 136.331 136.861 137.221 137.431 137.641 137.691 137.271 137.091 136.921 136.691 135.951 135.901 136.381 136.841 137.181 137.881 138.591 138.891 138.841 138.801 139.041 139.401 139.791 140.091 140.451 141.081 141.561 141.951 142.341 142.651 142.911 142.511 142.091 141.301 140.151 138.381 139.771 141.171 142.491 142.681 142.831 142.871 142.891
136.051 136.181 136.431 136.671 136.871 136.851 136.491 136.001 135.601 135.201 134.821 134.591 134.801 135.061 135.351 134.961 134.281 134.471 134.661 134.791 135.361 135.851 135.931 135.791 135.691 135.971 136.371 136.671 136.931 137.071 137.091 136.921 136.711 136.471 136.291 135.251 135.761 136.331 136.961 136.881 137.381 137.921 138.461 138.791 138.861 138.881 139.241 139.601 139.991 140.371 140.781 141.181 141.451 142.001 142.481 142.081 141.791 141.491 141.371 141.241 141.381 141.521 142.011 142.231 142.181 142.011 142.051
135.771 135.931 136.071 136.241 136.421 136.471 136.321 135.741 135.141 134.541 134.141 133.771 134.001 134.281 134.571 133.801 131.741 132.301 134.261 134.391 134.501 134.841 135.061 135.281 135.451 135.461 135.351 135.631 135.911 136.371 136.531 136.311 136.021 135.731 135.561 135.481 135.951 136.411 136.871 136.721 136.831 137.941 137.871 136.741 138.291 138.711 138.701 138.721 139.101 139.621 139.891 140.071 140.291 140.971 141.911 141.661 141.411 141.301 141.051 140.931 140.991 141.131 141.381 141.771 141.791 141.481 141.171
134.901 135.451 135.641 135.741 135.841 135.801 135.721 134.121 132.391 131.351 131.831 133.771 133.841 133.911 134.071 134.071 134.111 134.211 134.231 134.281 134.591 134.751 134.881 135.121 135.301 135.181 135.031 134.791 134.641 135.121 135.251 136.011 135.901 135.781 135.221 134.951 135.461 135.981 136.461 136.321 136.521 137.641 138.761 139.581 138.881 137.951 136.881 135.931 136.661 139.181 139.431 139.631 139.821 140.491 141.301 141.231 141.151 141.071 140.781 140.191 138.991 138.701 139.651 141.161 141.161 140.941 140.861
134.281 134.861 135.001 135.071 135.141 135.071 134.921 134.131 133.221 133.691 133.761 133.641 134.001 134.071 134.131 133.741 133.681 133.901 134.121 134.341 134.641 134.891 135.011 135.101 135.271 135.341 135.131 134.851 134.611 133.151 132.751 134.771 135.871 135.771 135.681 135.021 134.771 135.261 135.761 135.651 135.911 137.161 138.411 139.261 138.551 138.571 138.881 139.191 139.481 139.431 139.491 139.581 139.581 140.001 140.711 140.641 140.551 140.451 140.381 139.861 139.531 139.481 139.871 140.791 140.131 138.921 138.391
133.421 133.971 134.491 134.841 134.991 133.761 133.331 132.681 132.261 132.731 132.821 132.781 133.131 133.431 133.691 133.361 133.071 133.411 133.691 133.911 134.131 134.371 134.571 134.771 135.001 135.371 135.481 135.191 134.901 134.971 135.671 135.661 135.571 135.481 135.531 135.631 135.411 135.201 134.961 135.081 135.171 135.751 136.771 137.601 137.751 137.851 138.441 139.031 139.341 139.601 139.601 139.551 139.501 139.831 140.091 139.991 139.891 139.851 139.971 140.061 140.121 140.191 140.311 140.571 140.031 139.291 138.561
