libjsqlite-spatialite-android/spatialite-android-library/jni/librasterlite2-5.0.0/test/map_samples/ascii/ascii2.asc
ncols 600
nrows 600
xllcenter 1646700.50000000
yllcenter 4739680.50000000
cellsize 1.00000000
NODATA_value -9999.00000000
[rows 203 to 231 of 600, columns 134 to 200 of 600]
183.-9999.039 183.269 183.889 184.-9999.049 184.-9999.099 184.199 184.568 185.188 185.618 185.958 186.248 186.258 186.-9999.098 185.118 183.978 182.7-9999.08 183.848 186.-9999.058 186.138 186.128 186.1-9999.08 185.928 187.138 187.618 188.-9999.098 188.448 188.488 188.158 187.-9999.0-9999.08 185.938 185.718 187.-9999.0-9999.08 188.678 188.688 188.558 188.248 187.888 187.678 187.648 187.598 187.518 187.178 187.-9999.028 186.828 186.688 186.498 186.128 186.188 186.4-9999.08 186.498 186.438 186.-9999.058 185.898 185.828 185.698 185.658 185.728 185.798 185.868 185.918 185.238 184.968 184.388 183.818 183.288 183.588 186.3-9999.08
182.929 183.-9999.039 18-9999.0.429 18-9999.0.929 18-9999.0.699 18-9999.0.469 181.649 184.238 184.998 185.248 185.588 185.718 185.648 184.878 183.738 182.598 182.228 182.348 183.688 185.-9999.038 186.388 186.768 186.788 187.288 187.788 188.278 188.248 188.198 188.368 188.538 188.838 188.968 188.9-9999.08 188.478 188.-9999.038 187.7-9999.08 187.428 187.268 187.218 187.158 187.-9999.078 186.818 186.718 186.598 186.488 186.478 185.968 185.378 184.738 184.268 184.1-9999.08 185.5-9999.08 185.4-9999.08 184.818 184.458 184.5-9999.08 185.328 185.318 185.1-9999.08 184.898 185.218 185.598 185.598 185.668 185.6-9999.08 185.738 186.-9999.048
182.879 183.569 184.-9999.049 184.279 184.399 184.519 184.659 184.839 184.918 184.978 185.-9999.038 185.-9999.048 185.-9999.0-9999.08 184.218 183.358 182.498 182.178 182.328 183.658 184.978 186.288 186.528 186.518 186.958 187.428 187.9-9999.08 186.868 187.338 187.898 188.448 188.958 189.-9999.098 189.-9999.078 188.768 188.448 188.138 187.518 186.898 186.8-9999.08 186.718 186.658 186.598 186.478 186.348 186.248 186.258 186.698 186.428 186.2-9999.08 185.978 185.828 185.878 185.538 184.998 184.468 184.128 185.-9999.068 184.688 184.-9999.048 183.4-9999.08 183.848 185.428 185.458 185.328 185.218 185.368 185.748
182.2-9999.09 183.539 183.469 183.589 183.8-9999.09 184.-9999.019 184.159 184.319 184.429 184.538 184.6-9999.08 184.588 184.898 184.-9999.098 183.518 185.-9999.018 184.468 182.288 183.558 184.818 186.118 186.338 186.378 186.568 186.758 187.168 185.488 185.988 186.388 187.538 189.-9999.098 189.568 189.618 189.298 188.738 188.168 187.148 186.618 186.478 186.378 186.328 186.538 186.468 186.418 186.448 186.318 186.218 185.748 184.898 184.468 184.5-9999.08 185.578 185.8-9999.08 185.658 185.498 185.418 185.248 185.318 185.4-9999.08 185.238 185.138 185.268 185.178 185.-9999.048 184.918 184.988 185.298
182.5-9999.09 182.889 182.719 181.899 18-9999.0.879 179.999 18-9999.0.669 183.829 182.949 181.969 181.718 182.288 184.858 184.738 185.148 184.458 183.828 183.-9999.098 184.818 185.288 184.778 186.-9999.018 186.168 186.698 186.988 187.168 187.578 187.768 188.248 188.558 188.558 189.-9999.098 188.768 187.358 187.528 187.698 187.148 186.788 186.6-9999.08 186.418 186.158 186.-9999.0-9999.08 186.2-9999.08 186.398 186.6-9999.08 186.868 186.2-9999.08 185.828 185.648 185.458 185.3-9999.08 185.618 185.598 185.498 185.348 185.288 185.378 185.488 185.618 185.738 184.688 184.-9999.038 184.398 184.768 184.778 184.788 185.-9999.058
182.-9999.019 182.149 181.729 18-9999.0.889 182.329 183.439 183.219 183.1-9999.09 182.199 183.369 184.479 184.358 184.688 184.228 183.768 183.658 182.788 183.3-9999.08 183.628 183.228 182.718 184.298 185.798 186.348 186.898 187.448 187.628 187.178 187.418 187.4-9999.08 187.448 188.1-9999.08 187.828 186.938 186.-9999.068 185.318 185.198 184.698 184.3-9999.08 184.458 184.998 185.188 185.898 186.478 187.-9999.048 187.1-9999.08 185.6-9999.08 185.3-9999.08 185.4-9999.08 185.498 185.368 185.218 185.198 185.198 185.198 185.218 185.278 185.458 185.638 185.678 185.858 185.6-9999.08 185.378 185.148 184.9-9999.08 184.858 184.988
181.5-9999.09 181.6-9999.09 181.679 182.179 182.769 183.449 182.379 179.199 181.2-9999.09 183.539 184.-9999.069 182.629 18-9999.0.728 182.5-9999.08 184.278 185.758 185.448 184.568 183.878 182.898 181.928 181.928 182.4-9999.08 184.-9999.0-9999.08 185.958 187.248 187.778 187.458 186.138 185.148 184.868 187.148 188.588 188.228 187.858 187.458 187.-9999.048 186.288 186.398 185.868 185.468 185.518 186.218 186.538 186.8-9999.08 186.518 185.918 185.898 185.838 185.958 185.838 185.488 185.418 185.358 185.258 185.198 185.218 185.118 185.-9999.018 185.-9999.0-9999.08 185.228 185.678 185.378 185.118 184.858 184.798 184.658
18-9999.0.339 18-9999.0.519 182.-9999.059 182.619 183.2-9999.09 183.759 182.329 181.359 181.379 181.889 183.299 183.879 184.179 184.798 185.388 185.948 183.618 182.888 182.898 182.9-9999.08 182.148 181.8-9999.08 182.3-9999.08 183.9-9999.08 185.498 187.-9999.068 187.488 187.588 187.788 187.978 188.148 188.358 188.348 188.128 187.9-9999.08 187.688 187.348 186.578 185.488 184.358 183.578 184.648 185.688 186.398 186.578 186.798 186.888 186.838 186.768 186.698 186.438 185.588 185.398 185.358 185.268 185.2-9999.08 185.198 184.978 184.778 184.568 185.-9999.098 185.878 185.538 185.2-9999.08 184.888 183.-9999.098 182.-9999.068
181.589 181.699 181.879 182.449 183.-9999.049 183.6-9999.09 184.-9999.059 184.419 183.969 182.839 182.769 183.469 183.989 184.6-9999.09 185.2-9999.08 185.818 185.948 185.738 185.-9999.048 184.358 183.548 182.468 182.418 183.958 185.468 186.768 186.778 186.858 186.998 187.148 187.318 187.548 187.518 187.278 187.-9999.038 186.358 183.9-9999.08 183.558 183.468 184.118 183.368 183.338 184.348 185.358 186.378 187.-9999.028 187.3-9999.08 187.258 187.178 187.-9999.098 186.458 185.118 184.948 184.848 184.738 184.968 185.178 184.848 184.518 184.218 184.538 185.4-9999.08 185.328 185.258 185.138 183.988 183.178
18-9999.0.989 181.-9999.099 181.299 181.669 182.-9999.079 182.589 183.119 184.5-9999.09 184.1-9999.09 183.6-9999.09 183.-9999.099 183.349 183.789 184.399 184.999 185.538 185.578 185.428 184.948 184.478 183.968 182.958 183.-9999.018 183.738 184.878 186.128 186.268 186.448 186.568 186.658 186.678 186.568 186.-9999.048 185.-9999.028 184.1-9999.08 184.638 185.568 186.358 186.578 186.758 186.758 187.178 187.358 187.468 187.568 187.6-9999.08 187.628 187.478 187.248 187.-9999.048 186.378 185.1-9999.08 184.798 184.548 184.318 184.588 185.238 184.988 184.738 184.468 184.498 184.688 183.828 182.968 182.1-9999.08 182.898 184.668
18-9999.0.799 18-9999.0.829 18-9999.0.839 181.189 181.679 182.159 183.169 184.169 183.699 183.239 182.929 183.199 183.519 183.989 184.469 184.959 184.788 184.368 184.-9999.098 183.988 184.-9999.028 182.338 181.898 182.118 182.338 182.6-9999.08 184.688 185.968 186.-9999.068 186.168 186.288 185.898 185.9-9999.08 186.118 186.118 185.828 185.398 186.128 186.658 187.248 186.7-9999.08 184.968 184.928 185.-9999.048 185.178 185.628 187.448 187.5-9999.08 187.3-9999.08 187.-9999.078 186.348 185.788 185.4-9999.08 185.-9999.028 184.758 184.968 185.318 185.-9999.088 184.828 184.568 184.698 184.918 185.-9999.018 185.148 185.298 185.228 185.138
18-9999.0.819 18-9999.0.879 181.539 181.789 182.-9999.039 182.259 182.779 183.479 183.279 183.1-9999.09 182.949 182.959 183.-9999.049 183.5-9999.09 183.9-9999.09 184.299 182.-9999.089 182.598 182.988 183.378 183.778 184.278 184.228 183.978 183.728 183.718 184.728 185.398 185.358 185.318 185.438 186.-9999.0-9999.08 186.-9999.038 185.898 185.658 185.858 186.418 186.698 187.278 187.248 187.268 187.-9999.088 187.198 187.388 187.588 187.538 187.338 187.378 187.188 186.988 186.998 186.948 186.368 185.788 185.2-9999.08 184.9-9999.08 185.-9999.0-9999.08 184.838 184.668 184.588 183.-9999.098 181.778 183.-9999.078 184.378 185.678 185.588 185.3-9999.08
18-9999.0.619 179.199 176.769 179.149 181.519 182.189 182.589 182.369 182.729 183.-9999.019 182.849 182.749 182.399 182.789 183.179 183.569 182.929 183.-9999.069 182.898 182.538 182.258 183.248 183.988 183.-9999.098 182.518 182.178 182.-9999.018 182.198 183.178 184.168 184.398 182.738 183.-9999.018 183.588 184.158 184.268 184.548 185.148 185.8-9999.08 186.188 186.2-9999.08 186.3-9999.08 186.518 186.858 187.198 186.8-9999.08 186.118 186.358 186.618 186.768 186.9-9999.08 187.268 186.578 185.748 184.918 184.628 184.288 183.6-9999.08 184.148 184.738 184.6-9999.08 184.838 185.1-9999.08 185.418 185.718 185.738 185.5-9999.08
18-9999.0.329 178.8-9999.09 179.449 18-9999.0.889 181.219 181.539 181.4-9999.09 181.-9999.079 18-9999.0.789 18-9999.0.7-9999.09 18-9999.0.629 181.379 181.649 182.259 182.879 183.489 183.839 183.429 182.239 181.-9999.048 18-9999.0.718 183.138 184.228 183.988 183.758 183.888 183.218 183.198 183.718 184.238 184.628 185.218 186.268 186.628 186.998 186.8-9999.08 185.3-9999.08 185.498 185.758 185.958 184.958 183.188 182.518 182.768 183.578 183.678 183.3-9999.08 185.418 185.728 186.-9999.038 186.338 186.6-9999.08 185.538 184.468 183.598 183.458 183.398 182.758 182.468 182.178 183.478 185.318 185.5-9999.08 185.558 185.6-9999.08 185.5-9999.08 185.128
18-9999.0.-9999.019 178.869 176.869 177.739 178.659 18-9999.0.499 18-9999.0.689 18-9999.0.919 18-9999.0.3-9999.09 181.-9999.039 181.799 182.299 182.459 182.939 183.189 183.389 183.569 183.-9999.079 182.6-9999.09 182.929 183.278 183.798 184.448 184.868 185.288 185.328 184.158 183.338 182.6-9999.08 181.758 182.438 185.348 186.3-9999.08 186.538 186.778 186.5-9999.08 185.518 185.548 185.758 185.818 184.788 183.998 184.688 185.428 186.858 187.578 187.558 186.958 186.358 185.748 185.728 185.998 185.628 184.788 183.938 182.6-9999.08 182.728 182.298 181.878 182.378 184.318 184.818 184.968 185.128 185.278 185.168 184.888
18-9999.0.339 179.7-9999.09 179.-9999.059 178.279 177.5-9999.09 176.849 178.779 181.-9999.069 181.439 181.849 182.279 182.439 182.549 182.729 182.899 183.-9999.089 183.-9999.029 182.419 181.3-9999.09 181.519 182.129 184.-9999.028 185.5-9999.08 185.698 185.888 185.868 184.758 183.698 182.658 181.618 181.618 181.658 182.538 183.9-9999.08 185.278 185.8-9999.08 185.178 184.858 185.-9999.078 185.-9999.038 184.3-9999.08 186.198 186.268 186.178 186.898 187.578 187.568 186.878 186.128 185.378 185.368 185.628 185.298 185.-9999.0-9999.08 184.738 183.438 182.458 182.538 182.498 182.458 183.348 184.-9999.078 184.3-9999.08 184.528 184.758 184.668 184.378
18-9999.0.379 18-9999.0.339 18-9999.0.-9999.089 18-9999.0.129 18-9999.0.-9999.069 18-9999.0.-9999.0-9999.09 18-9999.0.5-9999.09 181.-9999.049 181.369 181.699 182.-9999.029 182.149 182.329 182.519 182.719 182.889 182.789 182.929 183.189 183.499 183.779 184.469 184.878 184.928 185.158 185.1-9999.08 184.6-9999.08 184.318 183.8-9999.08 183.1-9999.08 182.468 181.2-9999.08 181.938 182.898 184.-9999.028 184.488 184.-9999.058 183.318 182.548 182.178 183.-9999.048 185.6-9999.08 186.-9999.078 186.548 187.218 187.188 187.-9999.048 186.318 185.598 185.-9999.078 183.678 182.538 183.-9999.078 183.878 184.6-9999.08 183.798 183.238 183.228 183.2-9999.08 183.188 183.5-9999.08 183.958 184.1-9999.08 184.198 184.218 183.888 183.5-9999.08
18-9999.0.239 179.889 179.4-9999.09 179.6-9999.09 179.8-9999.09 179.919 18-9999.0.199 18-9999.0.449 18-9999.0.8-9999.09 181.159 181.499 181.899 182.279 182.449 182.669 182.879 182.879 183.-9999.019 183.269 183.519 183.759 183.989 184.-9999.049 184.-9999.0-9999.08 184.-9999.018 184.-9999.068 184.388 184.158 183.888 183.628 182.8-9999.08 181.678 181.848 182.718 183.688 183.868 183.2-9999.08 183.6-9999.08 184.-9999.058 184.458 184.678 184.888 185.548 186.228 186.918 186.868 186.368 186.-9999.048 185.558 185.-9999.078 184.758 184.498 184.3-9999.08 184.1-9999.08 183.918 183.118 182.4-9999.08 182.-9999.0-9999.08 181.618 181.968 182.748 183.878 183.738 183.598 183.618 183.-9999.058 182.568
179.789 179.389 179.259 178.779 178.959 179.149 179.4-9999.09 18-9999.0.119 18-9999.0.6-9999.09 181.-9999.029 181.439 181.919 182.219 182.529 182.849 183.1-9999.09 183.-9999.099 183.239 183.479 183.719 183.959 183.879 184.-9999.019 184.269 184.419 183.438 181.198 181.298 182.278 183.268 183.498 183.-9999.028 182.298 182.478 183.-9999.048 183.488 182.758 183.-9999.048 183.2-9999.08 183.368 183.658 183.968 184.6-9999.08 185.248 185.918 185.738 184.998 185.-9999.068 185.138 184.778 184.528 184.278 183.958 183.638 183.448 182.798 182.3-9999.08 182.618 182.848 183.-9999.048 183.818 183.878 183.568 183.268 182.958 182.788 182.6-9999.08
179.949 179.919 179.369 178.629 178.439 178.259 179.179 18-9999.0.-9999.019 18-9999.0.529 181.-9999.039 181.539 181.789 182.-9999.069 182.429 182.779 183.-9999.079 183.-9999.099 182.179 18-9999.0.689 179.629 18-9999.0.-9999.059 18-9999.0.579 18-9999.0.879 181.819 183.539 184.219 183.388 183.438 183.548 183.668 183.738 183.768 182.9-9999.08 181.978 181.-9999.048 18-9999.0.728 181.738 181.898 182.-9999.068 182.398 182.848 183.248 183.698 184.338 184.988 184.488 183.788 183.888 183.998 184.1-9999.08 184.-9999.028 183.918 183.988 184.-9999.058 184.-9999.028 183.838 183.6-9999.08 183.428 183.248 183.-9999.078 183.228 183.188 182.878 182.578 182.358 182.3-9999.08 181.798
179.869 179.2-9999.09 178.-9999.089 176.739 175.539 176.129 177.499 179.689 18-9999.0.359 181.-9999.029 181.589 181.679 181.9-9999.09 182.279 182.619 182.9-9999.09 182.959 183.-9999.0-9999.09 183.-9999.069 183.129 183.129 182.9-9999.09 183.229 183.789 184.259 184.429 184.129 184.-9999.058 183.958 183.858 183.778 183.758 182.848 181.9-9999.08 18-9999.0.968 18-9999.0.558 18-9999.0.568 18-9999.0.968 181.388 181.8-9999.08 182.268 182.738 183.168 183.598 184.-9999.088 183.628 183.-9999.078 183.158 183.238 183.328 183.278 183.218 183.368 183.538 183.7-9999.08 182.258 182.228 182.368 182.518 182.388 182.728 182.818 182.7-9999.08 182.578 182.398 182.-9999.068 181.478
178.799 178.-9999.029 176.429 177.899 178.149 178.399 178.889 178.759 177.689 176.959 177.-9999.029 18-9999.0.119 181.929 182.139 182.359 182.579 182.629 182.689 182.789 182.889 182.899 183.359 183.519 183.579 183.879 184.-9999.039 184.-9999.079 182.959 181.7-9999.08 18-9999.0.648 181.448 183.968 183.478 182.978 182.438 181.528 18-9999.0.398 18-9999.0.798 18-9999.0.958 18-9999.0.998 181.958 182.578 182.988 183.368 183.728 183.188 183.-9999.038 183.1-9999.08 183.238 183.378 183.238 183.228 183.318 183.398 183.248 182.978 182.588 182.178 181.858 181.568 182.348 182.628 182.548 182.478 182.298 181.418 181.3-9999.08
177.939 177.799 177.-9999.059 177.639 178.169 178.479 179.-9999.069 179.579 18-9999.0.399 181.-9999.079 181.699 181.939 181.969 182.-9999.019 182.-9999.089 182.149 182.169 182.249 182.359 182.399 182.929 183.639 183.789 183.869 183.819 183.8-9999.09 183.969 184.-9999.029 184.-9999.079 184.118 184.168 184.288 183.668 183.-9999.018 182.358 181.278 181.528 181.-9999.048 18-9999.0.578 18-9999.0.-9999.098 18-9999.0.928 182.-9999.068 182.788 183.148 183.5-9999.08 183.388 183.3-9999.08 183.358 183.398 183.438 183.178 182.978 182.788 182.628 182.478 182.348 182.-9999.048 181.768 181.628 181.478 181.838 182.248 182.268 182.288 182.358 181.-9999.078 18-9999.0.678
177.349 177.359 177.549 177.949 178.349 178.669 179.219 179.829 18-9999.0.519 181.219 181.819 181.819 181.8-9999.09 181.799 181.669 181.579 181.589 181.659 181.659 181.679 182.259 183.449 183.629 183.549 183.469 183.569 183.879 183.869 183.839 183.799 183.738 183.728 183.148 182.598 182.348 182.398 182.948 182.-9999.018 181.-9999.048 18-9999.0.-9999.038 179.838 18-9999.0.728 181.7-9999.08 182.688 183.328 182.958 182.788 182.868 182.948 183.-9999.0-9999.08 182.628 182.348 182.3-9999.08 182.468 182.638 181.688 181.748 181.938 182.128 182.5-9999.08 182.258 182.168 182.-9999.068 182.138 182.2-9999.08 182.148 181.958
176.779 177.-9999.019 177.559 177.8-9999.09 178.199 178.589 179.119 179.359 179.949 18-9999.0.499 18-9999.0.969 18-9999.0.959 18-9999.0.889 18-9999.0.899 18-9999.0.839 18-9999.0.759 181.189 181.279 181.449 181.669 181.759 182.419 182.699 182.879 182.849 183.-9999.019 183.349 183.339 183.349 183.559 183.569 183.318 183.228 183.138 183.-9999.048 182.8-9999.08 182.458 181.598 18-9999.0.778 179.968 179.818 179.918 18-9999.0.8-9999.08 181.828 182.848 183.-9999.0-9999.08 182.678 182.648 182.728 182.828 182.728 182.598 182.818 183.-9999.018 183.-9999.048 181.958 181.618 182.138 182.678 183.168 183.1-9999.08 183.-9999.038 182.938 182.688 182.188 181.838 181.798
176.269 177.289 177.989 178.1-9999.09 178.229 178.3-9999.09 178.-9999.079 178.359 178.949 179.539 179.919 179.679 179.619 178.689 177.619 177.229 177.829 178.259 179.449 181.-9999.019 18-9999.0.989 179.929 18-9999.0.239 181.119 181.989 182.579 182.929 183.129 183.329 183.529 183.3-9999.09 182.969 182.898 182.818 182.738 181.378 181.768 181.248 18-9999.0.738 18-9999.0.198 179.718 179.8-9999.08 18-9999.0.658 181.5-9999.08 182.368 182.658 182.718 182.678 182.638 182.598 182.818 182.428 182.118 182.628 182.648 182.418 182.478 182.8-9999.08 183.138 183.478 183.938 183.818 183.328 182.818 182.368 181.838 181.698
176.-9999.069 176.989 177.529 177.719 177.9-9999.09 177.979 177.729 177.749 177.899 178.459 178.799 179.139 179.649 18-9999.0.-9999.069 18-9999.0.469 18-9999.0.389 179.1-9999.09 179.589 18-9999.0.319 181.-9999.049 181.389 181.289 181.419 181.559 181.9-9999.09 182.519 182.929 183.-9999.069 183.169 183.269 182.999 182.549 182.489 182.528 182.818 183.198 183.598 183.318 183.-9999.038 182.758 18-9999.0.978 179.998 18-9999.0.668 18-9999.0.748 18-9999.0.828 182.258 182.5-9999.08 182.268 182.-9999.038 181.978 182.768 182.788 182.238 181.688 181.198 181.978 182.738 183.-9999.058 183.598 184.-9999.098 184.218 184.-9999.0-9999.08 183.388 182.778 182.338 182.128 182.-9999.048
172.899 176.659 176.999 177.149 177.329 177.479 177.499 177.699 177.849 177.989 178.349 179.-9999.089 179.379 179.669 179.929 179.819 179.869 18-9999.0.339 18-9999.0.829 181.399 181.679 181.4-9999.09 18-9999.0.219 179.-9999.029 177.839 179.839 182.699 182.799 182.889 182.929 18-9999.0.769 18-9999.0.489 181.-9999.079 181.679 183.238 183.838 183.958 183.718 183.488 183.258 181.438 18-9999.0.158 179.848 179.538 179.318 18-9999.0.758 181.658 181.928 181.698 181.528 182.448 182.838 182.828 182.868 182.938 182.738 183.138 183.858 184.568 184.698 182.778 183.268 184.-9999.0-9999.08 183.458 182.848 182.268 182.238
176.549 176.479 176.5-9999.09 176.6-9999.09 176.7-9999.09 176.849 177.489 177.749 177.829 177.899 178.159 178.389 178.679 179.-9999.029 179.429 179.739 179.9-9999.09 18-9999.0.559 181.-9999.059 181.539 181.539 181.-9999.099 181.219 181.389 181.569 181.949 182.339 182.389 182.439 182.479 181.659 181.379 182.339 183.289 184.299 184.628 184.538 184.348 184.168 183.988 182.328 18-9999.0.8-9999.08 18-9999.0.218 179.668 179.158 179.218 18-9999.0.-9999.058 18-9999.0.388 18-9999.0.718 181.138 182.-9999.038 182.548 182.768 182.978 183.-9999.078 182.778 183.138 183.8-9999.08 184.478 184.498 185.168 185.-9999.028 184.548 184.-9999.058 183.438 182.568 181.948
