libjsqlite-spatialite-android/spatialite-android-library/jni/librasterlite2-5.0.0/test/map_samples/ascii/ascii1.asc
ncols 600
nrows 600
xllcorner 1646100.00000000
yllcorner 4739680.00000000
cellsize 1.00000000
NODATA_value -9999.00000000
[rows 0 to 28 of 600, columns 201 to 267 of 600]
177.013 176.893 176.343 175.453 174.533 174.612 174.632 174.572 174.332 173.982 173.642 173.742 173.772 173.472 173.022 172.602 172.472 172.422 171.962 171.622 171.302 171.292 171.292 171.402 171.582 171.562 170.702 170.092 170.152 170.212 170.192 170.032 169.802 169.432 169.122 169.012 168.942 168.692 168.132 167.572 168.422 168.992 168.552 167.742 166.972 166.272 165.492 165.112 164.852 164.562 164.822 165.012 164.582 164.122 163.582 162.972 162.212 160.222 158.232 157.952 160.702 160.162 159.972 159.452 159.052 158.732 158.282
176.583 176.443 176.173 175.613 174.743 173.902 173.722 173.862 173.742 173.462 173.212 173.152 173.132 172.872 172.522 172.182 172.042 171.882 171.612 171.332 171.172 171.202 171.212 170.392 169.752 169.362 169.802 170.192 170.022 169.852 169.702 169.602 169.082 167.942 169.262 169.182 169.192 168.302 166.642 165.802 167.252 169.392 169.052 168.082 167.112 166.292 165.592 165.082 164.692 164.392 164.702 164.932 164.432 163.892 163.312 162.572 161.722 161.582 161.402 161.072 160.702 159.692 157.562 156.322 158.852 158.762 158.292
176.003 175.873 175.673 175.153 174.333 173.512 173.262 173.032 172.812 172.612 172.542 172.542 172.482 172.222 171.882 171.532 171.432 171.452 171.332 171.152 171.002 171.062 171.122 170.602 170.092 170.002 170.322 170.602 170.282 169.712 168.742 168.112 168.872 168.152 167.442 168.302 169.012 169.012 168.992 168.982 168.882 168.842 168.292 167.582 166.942 166.612 166.212 165.622 164.852 164.142 164.352 164.562 163.022 161.092 159.852 160.302 160.732 160.762 160.792 159.722 157.212 156.382 159.582 158.112 158.812 158.472 158.142
175.103 175.073 174.783 174.213 173.573 173.042 172.402 171.742 171.632 171.702 171.772 171.682 171.362 171.782 171.362 170.962 171.152 171.382 171.212 170.972 170.772 170.892 170.972 169.812 171.372 171.412 171.042 170.602 170.022 169.432 168.392 166.842 165.912 165.652 165.522 166.812 168.332 168.102 168.712 168.792 166.612 164.672 164.882 165.512 166.532 165.972 165.372 164.782 164.202 163.842 164.182 164.412 163.492 162.582 161.972 161.852 161.372 159.552 157.772 157.612 159.762 159.602 159.112 158.622 156.742 154.142 155.432
174.533 174.253 173.963 173.763 173.353 172.812 172.482 172.052 171.962 171.522 170.902 170.122 169.482 170.062 170.802 171.082 171.342 171.642 171.372 171.032 170.712 170.732 170.742 169.802 169.402 169.372 170.152 170.372 170.042 169.662 168.552 166.812 165.862 166.242 168.082 168.562 168.682 167.642 166.222 165.302 164.012 165.582 167.482 166.592 165.692 165.012 164.652 164.142 163.672 163.392 163.642 163.742 163.262 162.672 162.092 161.992 161.652 160.982 160.302 159.772 159.342 158.302 156.562 154.832 156.942 157.732 157.722
173.683 173.423 173.213 173.033 172.893 172.752 172.362 171.932 171.332 170.682 170.292 170.392 170.142 170.772 170.692 170.382 170.922 171.512 171.252 170.972 170.712 170.512 170.322 170.342 170.412 170.422 170.122 169.892 169.582 169.082 168.742 168.562 168.052 167.412 166.772 167.822 168.522 168.452 168.112 167.762 167.542 166.452 166.422 165.982 164.932 163.062 164.982 164.402 163.762 163.202 163.122 163.022 162.562 162.172 161.822 161.552 161.212 160.612 160.022 158.512 156.162 155.822 158.112 157.292 157.892 157.772 157.412
172.943 172.863 172.833 172.663 172.453 172.292 171.832 171.332 171.062 170.822 170.572 170.662 170.652 170.262 169.842 169.802 170.182 170.722 170.422 170.112 169.842 169.742 169.532 169.872 170.222 170.222 169.782 168.992 167.442 165.882 167.922 168.072 167.412 166.052 165.052 166.452 168.302 168.212 167.912 167.542 167.402 166.982 166.202 165.372 164.432 163.662 163.112 163.462 163.722 162.912 163.302 163.232 162.652 160.662 160.302 161.422 161.112 160.502 159.912 159.422 158.992 158.602 158.202 157.802 157.602 157.222 156.642
172.233 172.213 172.363 172.043 171.752 171.542 171.372 170.982 170.722 170.552 170.392 170.262 170.132 170.222 170.362 170.532 170.272 169.912 169.592 169.302 168.932 168.272 168.052 168.402 168.762 168.962 168.892 168.832 168.352 167.642 166.622 165.352 165.252 165.932 166.932 167.192 167.492 167.382 167.002 166.612 166.202 165.812 165.362 164.822 164.152 162.252 161.172 161.982 163.432 163.372 161.512 159.822 158.402 161.842 161.292 161.342 161.012 160.462 159.912 159.452 159.052 157.802 155.912 154.012 155.762 155.892 155.362
172.633 172.323 172.063 171.603 171.062 170.532 170.452 170.392 170.262 170.112 170.062 169.892 169.722 169.892 170.402 170.742 170.112 169.002 168.772 168.532 168.322 167.862 167.542 167.722 167.792 167.712 167.792 167.762 167.582 167.412 167.192 166.952 167.012 167.302 167.602 167.752 167.262 166.702 166.122 165.582 165.292 165.122 164.702 164.402 164.252 164.712 165.162 164.502 163.852 162.762 160.202 158.342 158.502 158.672 159.402 160.802 160.802 160.312 159.742 159.312 158.952 158.792 158.782 158.372 156.692 154.712 154.582
170.453 171.063 172.673 172.133 170.792 169.452 169.582 169.352 169.512 169.692 169.642 169.322 168.982 169.362 169.932 170.162 168.992 167.892 167.712 167.552 167.422 167.322 167.542 167.072 166.782 166.702 166.932 166.962 166.732 166.502 167.192 167.932 167.172 165.532 164.422 165.832 166.932 166.472 166.022 165.512 165.122 164.652 164.462 164.272 164.202 164.702 165.162 164.372 163.542 162.962 163.112 162.582 162.062 161.122 160.522 160.372 160.142 159.742 159.372 159.032 158.692 158.372 158.122 157.862 157.012 156.262 155.752
169.743 172.223 172.273 171.183 169.842 169.412 169.442 168.942 168.622 168.582 169.392 168.632 167.962 168.302 168.652 168.672 168.292 167.962 167.682 167.312 167.292 167.962 168.252 167.692 167.132 166.792 166.652 166.472 166.392 166.302 167.042 167.932 168.102 167.902 167.722 167.042 166.292 165.832 165.422 165.012 164.652 164.302 164.172 164.002 163.972 164.292 164.042 163.612 163.172 162.752 162.672 162.422 161.732 161.032 160.452 159.902 159.472 159.202 158.932 158.902 158.932 158.542 157.872 156.982 156.412 155.872 155.392
170.813 171.433 171.513 171.113 170.722 170.332 169.882 169.412 169.262 169.142 169.052 168.662 168.062 168.282 167.912 167.652 167.652 167.812 167.492 167.172 166.972 167.152 167.182 166.932 166.782 166.652 166.372 166.142 166.012 165.822 166.412 167.292 167.542 167.482 167.402 166.602 165.472 165.022 164.652 164.272 164.062 163.772 163.662 163.792 163.742 162.892 162.192 162.242 162.292 162.272 162.152 161.962 161.232 160.592 159.942 159.272 159.062 159.002 158.992 159.042 158.562 157.852 157.062 156.222 155.562 154.852 154.552
171.443 170.913 170.443 170.043 169.642 169.252 168.912 168.582 168.562 168.532 168.452 168.212 167.942 167.472 167.002 166.322 166.152 167.012 166.692 166.382 166.182 166.102 165.972 165.932 165.872 165.812 165.962 165.882 165.602 165.272 165.712 166.522 166.742 166.472 166.082 165.212 164.522 163.652 163.622 163.222 163.132 163.152 163.472 163.782 163.382 163.512 162.972 162.772 162.322 162.052 162.212 162.032 161.212 160.402 159.932 159.712 159.512 159.192 158.832 158.242 157.562 157.072 156.602 156.132 155.212 154.472 153.682
170.653 170.263 169.813 169.313 168.872 168.442 167.902 167.592 167.602 167.752 167.862 167.812 167.692 167.322 166.882 166.162 165.902 165.852 166.342 166.152 165.672 164.932 164.812 164.752 164.692 164.992 165.532 165.562 165.192 164.742 165.082 164.832 164.612 164.392 164.182 164.012 163.862 162.632 162.042 161.672 162.222 162.352 161.632 161.152 160.422 159.052 159.732 160.512 161.282 161.772 161.632 161.352 160.822 160.292 159.802 159.432 159.062 158.702 158.332 157.572 156.722 156.352 156.112 155.802 155.462 155.122 154.172
169.933 169.663 169.423 168.933 168.422 167.942 167.512 167.142 167.392 167.532 167.472 166.922 166.742 166.462 166.502 166.572 166.582 166.132 166.072 166.002 165.712 164.772 164.162 163.982 163.882 163.852 164.202 164.202 164.112 164.172 163.192 162.172 162.352 162.962 163.562 163.402 163.232 163.182 163.132 162.942 163.042 162.662 161.292 160.482 160.322 161.272 161.712 161.372 161.032 160.802 160.712 160.552 160.252 159.782 159.372 159.022 158.642 158.162 157.772 155.872 154.272 154.032 154.412 154.662 154.542 154.542 152.832
169.043 169.073 168.923 168.463 167.992 167.532 167.242 167.052 167.312 167.572 167.602 166.952 166.462 166.482 166.442 165.952 165.012 164.582 164.702 164.822 164.582 164.072 163.942 163.982 164.002 163.882 163.572 163.522 163.612 163.642 162.692 161.482 161.882 162.352 162.492 162.462 162.722 162.832 162.942 162.732 161.582 161.302 162.022 162.742 162.562 162.242 161.832 161.262 160.552 160.012 159.652 159.482 159.312 159.182 159.112 159.052 158.662 158.192 157.722 156.882 155.972 155.582 155.262 154.952 154.802 154.052 153.422
167.273 168.403 168.613 168.113 167.632 167.222 167.042 166.892 166.792 166.292 166.022 166.212 166.382 166.262 166.112 165.672 165.002 164.262 163.442 162.952 162.942 163.852 163.732 163.192 162.642 162.582 162.712 162.792 162.752 162.702 161.802 160.992 160.862 160.782 160.902 161.732 162.622 162.772 162.982 163.202 163.422 163.282 162.932 162.522 162.182 161.792 161.292 160.732 160.172 159.722 159.412 159.112 158.832 158.572 158.492 158.432 158.252 158.012 157.692 156.932 155.862 154.452 152.992 151.952 151.732 153.572 153.092
167.133 165.673 165.593 165.582 166.402 166.952 166.742 166.462 165.862 165.402 165.132 165.012 165.222 165.292 165.672 164.882 162.752 162.472 163.252 164.042 163.732 163.412 162.832 162.042 161.472 161.532 162.162 162.252 162.232 162.252 161.462 160.622 160.862 161.362 161.732 161.182 161.112 162.162 163.042 163.042 162.842 162.612 162.282 161.952 161.522 160.932 160.132 159.222 158.302 158.022 158.402 158.882 158.882 158.672 158.412 157.912 157.342 156.892 156.492 155.862 155.792 155.452 155.092 154.502 154.212 153.842 152.092
168.853 168.593 167.693 166.932 166.202 166.722 166.462 165.902 164.462 164.752 165.522 164.992 164.672 164.882 165.282 165.272 164.872 164.482 164.132 163.772 163.392 162.872 162.592 162.562 162.362 162.062 161.402 161.402 161.592 161.872 161.792 161.312 161.842 162.052 162.072 162.192 162.222 162.342 162.442 162.432 161.972 161.222 159.752 158.292 160.382 160.212 159.322 158.032 157.322 157.202 157.532 157.972 158.162 158.362 157.792 156.982 156.442 156.302 156.162 156.072 155.852 155.552 155.142 154.812 155.012 154.862 152.632
169.103 167.723 165.983 165.392 166.022 166.502 166.662 166.122 164.772 164.002 163.832 164.422 164.472 164.592 164.692 164.572 164.232 163.892 163.562 163.222 162.602 161.872 161.622 161.852 162.092 161.202 160.052 160.162 160.552 160.952 161.092 161.242 161.282 161.322 161.342 161.292 161.262 161.362 161.442 161.342 160.812 160.762 160.882 160.502 160.512 159.872 159.312 159.402 159.502 158.682 157.312 156.992 157.332 157.672 157.162 156.472 156.302 156.302 156.272 155.692 155.122 154.882 154.752 154.692 154.772 154.452 152.302
168.873 168.183 167.233 165.112 163.632 165.622 166.562 166.632 166.102 165.282 164.592 164.132 163.882 164.132 164.492 164.382 163.852 163.372 163.002 162.642 161.642 160.622 160.552 160.922 161.562 161.212 160.292 160.342 160.212 159.972 160.152 160.332 160.432 160.542 160.602 160.712 161.032 160.922 160.792 160.662 160.822 160.912 160.762 160.452 159.962 159.262 158.842 158.722 158.602 157.652 156.332 156.002 156.322 156.712 156.372 155.682 155.682 155.792 155.732 155.132 154.552 154.512 154.472 154.392 154.152 153.612 151.572
167.583 167.413 166.633 165.882 165.862 166.332 164.522 162.212 162.512 163.662 164.082 163.852 163.872 164.232 164.272 163.922 163.432 163.172 163.102 163.032 161.602 159.732 159.622 160.172 160.902 160.432 159.732 159.422 159.172 159.052 158.962 159.012 159.222 159.402 159.662 160.202 160.632 160.512 160.322 160.212 160.132 159.942 159.572 159.212 158.912 158.562 158.282 158.062 157.722 157.172 156.462 156.152 156.092 156.022 154.812 153.812 153.872 154.452 155.042 154.542 154.072 154.122 154.122 154.052 153.692 152.982 151.222
166.383 166.483 166.653 166.882 166.932 166.922 166.962 166.662 165.642 164.632 164.092 163.962 163.742 163.612 163.492 163.362 163.272 163.222 163.142 163.022 162.442 161.692 161.302 161.062 160.822 159.782 158.642 158.992 159.482 159.852 159.072 158.312 158.082 157.912 158.192 158.822 159.232 159.222 159.292 159.282 159.152 158.692 157.882 157.222 156.442 156.002 156.232 156.402 156.562 156.382 156.012 155.812 155.672 155.552 154.692 154.072 154.192 154.412 154.272 153.822 153.402 153.482 153.682 153.712 153.222 152.692 151.572
166.583 166.423 166.273 166.412 166.642 166.492 165.112 164.222 164.552 163.982 163.482 163.102 162.892 162.832 162.812 162.832 163.162 163.272 163.122 162.902 162.092 161.242 160.122 158.922 158.132 159.462 159.572 159.942 159.992 159.972 159.422 158.882 158.252 157.632 157.412 158.032 158.482 158.502 158.542 158.592 158.502 158.022 157.182 156.832 156.722 156.772 156.602 156.342 156.092 155.832 155.602 155.522 155.412 155.282 153.972 152.802 152.912 153.892 153.482 153.132 152.992 153.212 153.422 153.482 153.082 152.592 151.832
162.443 164.143 166.223 166.192 166.152 165.902 165.042 164.692 164.182 163.472 162.902 162.592 162.422 162.382 162.412 162.792 163.322 163.232 163.022 162.742 161.882 160.882 160.452 160.172 159.742 159.042 158.392 159.132 159.912 159.722 159.622 159.172 158.302 157.302 156.862 157.512 158.062 158.322 158.542 158.572 157.992 157.792 157.962 158.162 157.922 157.202 156.662 156.202 155.582 155.302 155.112 155.032 154.942 154.852 154.682 154.242 153.862 153.072 152.412 152.482 152.782 152.692 152.742 152.692 151.772 150.732 150.732
166.393 166.183 165.883 165.612 165.512 164.822 163.452 163.172 163.612 163.922 163.232 162.532 162.232 162.292 162.352 162.262 162.102 161.942 161.912 161.952 161.392 160.702 160.412 160.362 160.302 160.242 159.922 158.742 160.082 159.792 158.452 157.412 156.822 156.632 156.462 157.252 157.822 157.882 157.852 157.572 157.042 157.122 157.512 157.902 157.642 156.912 156.252 155.642 155.032 154.952 155.052 154.782 154.422 154.152 153.652 153.032 152.332 151.622 151.272 152.442 153.372 152.982 152.302 151.112 148.942 147.942 149.132
165.553 165.473 165.193 164.842 164.592 164.152 162.882 162.252 162.392 162.822 162.822 162.442 162.172 161.882 161.562 161.302 161.032 160.982 161.032 161.232 160.642 160.032 160.022 160.052 159.952 159.702 159.282 158.182 158.142 158.232 158.842 158.882 158.112 157.322 157.172 157.462 157.402 157.212 157.032 156.852 156.702 156.862 157.052 157.132 156.782 156.232 155.902 155.562 155.232 155.202 154.742 154.122 153.532 152.952 152.212 151.662 151.922 151.962 152.212 152.942 153.132 152.222 151.312 150.392 150.042 150.212 150.922
164.443 164.493 164.222 163.592 163.002 162.542 162.032 161.872 161.922 161.962 161.862 161.732 161.472 161.132 160.792 160.442 160.082 160.262 160.612 160.962 160.262 159.322 157.942 157.882 158.832 158.912 159.052 159.412 159.762 159.942 159.672 159.162 158.472 157.642 156.682 155.572 155.372 156.982 156.812 156.632 156.192 156.032 156.032 156.022 156.082 156.032 155.832 155.622 155.472 154.482 153.572 152.952 152.412 151.942 151.632 151.352 151.612 151.852 152.152 152.622 152.622 151.822 150.882 149.622 148.232 148.432 149.362
163.343 163.473 162.502 160.162 158.792 159.322 161.962 161.782 161.642 161.562 161.422 161.152 160.832 160.492 160.152 159.962 159.832 160.082 159.922 159.592 159.082 158.452 157.432 156.932 156.672 158.152 158.802 159.122 159.442 159.602 158.802 158.112 157.652 157.192 156.972 157.102 157.332 156.952 156.532 156.032 155.482 154.912 154.602 154.292 154.512 155.382 155.652 155.642 155.652 155.002 154.132 153.132 152.122 151.542 151.482 151.592 151.672 151.742 151.602 151.702 151.582 150.852 150.232 149.862 149.772 149.772 149.922
