libjsqlite-spatialite-android/spatialite-android-library/jni/librasterlite2-5.0.0/test/map_samples/ascii/ascii2.asc
ncols 600
nrows 600
xllcenter 1646700.50000000
yllcenter 4739680.50000000
cellsize 1.00000000
NODATA_value -9999.00000000
[rows 116 to 144 of 600, columns 201 to 267 of 600]
177.947 177.347 178.457 178.437 178.367 178.157 177.937 177.727 177.717 177.717 177.7-9999.07 177.527 176.727 175.537 174.347 174.547 176.137 176.577 176.547 176.467 174.657 175.357 175.317 174.877 174.437 174.167 173.977 171.947 169.797 168.737 169.537 171.327 171.387 17-9999.0.7-9999.07 169.537 171.767 171.-9999.067 17-9999.0.247 169.7-9999.07 169.5-9999.07 169.-9999.017 167.927 168.137 167.847 167.727 167.657 167.7-9999.07 167.827 167.577 167.-9999.067 166.377 165.7-9999.07 164.917 164.117 164.217 164.617 162.957 161.267 16-9999.0.-9999.017 161.427 162.347 16-9999.0.887 159.637 158.277 156.557 156.377 157.7-9999.07
178.417 178.777 179.277 179.-9999.017 178.767 178.647 178.9-9999.07 178.747 178.487 178.-9999.067 177.817 177.637 176.817 175.727 175.777 176.-9999.017 176.477 176.357 176.257 176.167 175.937 175.537 175.267 175.-9999.047 174.717 174.437 174.2-9999.07 174.-9999.017 173.8-9999.07 173.597 173.557 169.527 17-9999.0.417 17-9999.0.557 17-9999.0.557 171.937 171.3-9999.07 168.997 166.697 166.167 168.167 166.987 165.357 164.897 163.877 164.787 166.917 167.237 167.557 167.457 167.-9999.047 166.6-9999.07 166.157 165.597 165.237 164.587 162.487 16-9999.0.537 16-9999.0.337 161.677 161.577 159.427 157.287 155.847 158.237 159.5-9999.07 159.417
176.427 178.3-9999.07 179.447 179.177 179.-9999.017 178.-9999.077 175.-9999.087 175.-9999.027 175.737 177.527 177.437 176.217 177.-9999.057 177.-9999.077 176.737 176.837 177.287 176.977 176.527 176.-9999.037 175.767 175.627 175.-9999.057 174.7-9999.07 174.477 174.347 174.137 174.-9999.067 174.-9999.0-9999.07 173.897 173.927 173.817 173.177 172.567 171.987 171.787 171.167 169.747 168.317 167.487 167.347 167.457 167.817 168.-9999.047 168.187 167.967 167.687 168.367 168.437 168.-9999.087 167.3-9999.07 166.7-9999.07 166.177 165.717 165.2-9999.07 164.677 164.387 163.947 163.497 162.757 162.-9999.0-9999.07 162.-9999.067 162.-9999.077 161.357 159.147 157.727 157.877
177.-9999.077 178.777 179.877 179.737 179.597 179.367 178.987 178.787 178.647 178.397 177.-9999.047 175.917 176.197 176.8-9999.07 176.687 176.587 176.967 176.897 176.7-9999.07 176.427 176.197 176.-9999.057 175.557 174.9-9999.07 174.267 174.267 174.447 173.9-9999.07 173.457 173.317 173.657 173.777 171.2-9999.07 169.937 169.137 171.927 171.-9999.037 168.767 169.-9999.037 169.-9999.037 167.417 167.-9999.097 167.477 167.837 168.347 168.457 168.3-9999.07 168.-9999.067 168.-9999.0-9999.07 167.7-9999.07 167.177 166.8-9999.07 166.247 165.687 165.127 164.617 162.497 16-9999.0.657 159.917 162.277 163.437 162.9-9999.07 162.377 161.287 157.467 155.997 156.-9999.017
18-9999.0.617 179.8-9999.07 179.867 18-9999.0.187 179.997 179.737 179.367 179.167 179.-9999.047 178.937 178.867 178.487 177.9-9999.07 177.417 176.957 176.797 176.457 176.587 176.587 176.587 176.147 175.697 175.377 175.-9999.047 174.6-9999.07 174.687 174.857 174.437 173.887 173.337 173.777 173.837 172.987 173.657 173.367 172.527 171.2-9999.07 169.-9999.017 166.827 166.767 169.267 169.657 168.387 167.127 167.727 168.5-9999.07 168.437 168.267 168.-9999.0-9999.07 167.487 166.887 166.6-9999.07 166.357 166.-9999.067 163.787 16-9999.0.167 161.277 162.387 163.457 163.517 163.7-9999.07 163.117 162.487 161.727 16-9999.0.627 158.957 157.747
178.347 179.957 18-9999.0.957 18-9999.0.887 18-9999.0.657 18-9999.0.287 179.727 179.5-9999.07 179.357 179.177 179.-9999.087 179.-9999.057 178.637 178.-9999.057 177.427 176.497 175.667 175.847 176.167 176.657 176.457 175.767 175.567 175.357 175.-9999.067 174.857 174.797 174.437 173.887 172.587 173.687 173.787 173.877 173.967 173.727 172.817 171.387 169.9-9999.07 168.987 169.417 169.167 168.7-9999.07 168.297 168.767 168.797 168.-9999.017 167.967 167.997 168.-9999.057 167.287 166.347 164.557 162.717 162.247 164.-9999.067 164.497 163.567 163.467 163.6-9999.07 164.747 164.497 163.787 162.767 161.-9999.067 157.667 157.117 158.447
178.4-9999.07 181.-9999.0-9999.07 181.317 181.167 18-9999.0.997 18-9999.0.727 18-9999.0.1-9999.07 179.517 178.967 178.627 178.637 179.-9999.0-9999.07 177.597 175.817 174.337 173.757 175.847 176.297 176.557 176.827 176.577 176.-9999.057 174.467 173.-9999.057 172.427 175.117 174.617 172.587 171.277 171.3-9999.07 172.957 173.217 173.267 173.397 173.497 173.4-9999.07 172.117 171.357 171.257 17-9999.0.877 169.127 169.-9999.0-9999.07 169.797 169.967 169.777 167.9-9999.07 167.-9999.067 166.777 168.657 167.567 166.-9999.097 165.937 166.147 166.367 165.-9999.097 163.787 162.-9999.037 162.-9999.077 163.347 165.317 164.577 162.-9999.087 161.967 16-9999.0.817 158.597 157.427 156.857
18-9999.0.977 179.-9999.017 179.227 179.967 18-9999.0.717 18-9999.0.627 18-9999.0.267 179.627 177.557 175.487 176.327 179.9-9999.07 178.667 178.-9999.027 177.377 177.217 177.137 176.927 176.8-9999.07 176.757 176.617 176.367 175.657 175.947 176.1-9999.07 175.277 174.5-9999.07 174.457 171.317 168.667 172.477 173.347 173.267 172.767 172.3-9999.07 172.847 171.697 169.297 166.927 169.327 171.757 171.-9999.077 17-9999.0.337 169.637 169.427 169.227 169.337 169.-9999.057 167.3-9999.07 167.387 168.197 167.617 167.-9999.017 166.417 165.197 164.2-9999.07 164.717 165.227 165.687 165.617 164.747 162.9-9999.07 161.-9999.067 16-9999.0.197 16-9999.0.497 159.127 158.347
18-9999.0.857 181.227 181.597 181.347 181.-9999.097 18-9999.0.9-9999.07 18-9999.0.797 18-9999.0.557 18-9999.0.337 18-9999.0.-9999.067 179.957 18-9999.0.127 179.587 178.867 177.997 177.6-9999.07 177.547 176.377 174.697 173.-9999.0-9999.07 176.477 176.457 176.-9999.057 175.687 175.547 174.327 173.447 173.667 174.-9999.077 174.637 173.757 172.717 17-9999.0.8-9999.07 17-9999.0.-9999.037 171.147 171.997 171.867 172.497 172.587 172.417 171.757 171.-9999.067 17-9999.0.227 169.377 168.617 167.947 168.177 168.547 168.927 167.957 167.227 167.277 167.317 166.867 165.727 164.517 163.-9999.027 162.937 163.417 165.927 164.837 162.347 159.9-9999.07 159.377 161.157 16-9999.0.-9999.067 16-9999.0.247
182.277 18-9999.0.557 179.-9999.077 178.-9999.057 177.-9999.037 179.527 181.187 18-9999.0.897 18-9999.0.527 18-9999.0.167 18-9999.0.-9999.027 179.927 179.717 176.977 173.887 176.567 177.787 177.547 177.3-9999.07 177.-9999.077 175.-9999.057 173.567 172.957 172.337 171.717 175.317 174.477 174.687 174.887 175.147 172.867 172.-9999.037 173.687 173.8-9999.07 173.877 173.7-9999.07 173.427 173.267 172.997 172.597 17-9999.0.897 168.887 166.757 166.677 168.437 169.867 169.9-9999.07 169.897 169.887 168.957 167.627 165.677 163.727 162.317 164.747 165.337 165.367 166.-9999.047 166.527 166.327 165.137 162.437 161.247 162.217 162.-9999.097 161.847 161.447
181.287 178.347 178.177 179.227 18-9999.0.237 18-9999.0.837 181.277 181.-9999.047 18-9999.0.6-9999.07 18-9999.0.147 179.747 179.437 179.227 178.617 177.257 175.527 173.857 175.757 177.647 177.647 176.-9999.097 176.567 176.337 175.757 175.137 175.327 175.267 175.437 175.457 175.367 175.227 175.-9999.047 174.867 174.677 174.497 174.217 173.837 173.517 173.2-9999.07 172.787 172.387 171.977 171.537 171.-9999.097 17-9999.0.737 17-9999.0.527 17-9999.0.577 17-9999.0.647 17-9999.0.617 17-9999.0.317 169.767 169.4-9999.07 168.937 168.457 168.167 167.627 167.347 166.547 165.957 166.377 166.1-9999.07 164.937 162.997 16-9999.0.797 158.277 158.827 16-9999.0.397
181.-9999.017 18-9999.0.867 18-9999.0.987 18-9999.0.917 18-9999.0.837 18-9999.0.9-9999.07 181.137 18-9999.0.867 18-9999.0.457 18-9999.0.-9999.037 179.667 179.317 179.147 178.997 178.167 178.-9999.097 178.167 177.917 177.737 177.547 177.177 176.477 174.457 173.317 173.5-9999.07 173.857 174.637 175.-9999.0-9999.07 175.387 175.697 175.257 175.-9999.037 174.787 174.537 174.317 174.247 174.-9999.0-9999.07 173.637 173.3-9999.07 173.157 173.267 173.-9999.057 172.687 172.277 171.737 17-9999.0.727 17-9999.0.497 17-9999.0.497 17-9999.0.5-9999.07 17-9999.0.287 169.9-9999.07 169.6-9999.07 169.297 168.987 168.547 167.997 167.117 166.267 165.567 165.467 165.1-9999.07 164.227 163.877 163.587 162.477 161.347 161.317
181.187 181.397 181.247 181.227 181.317 18-9999.0.957 18-9999.0.8-9999.07 18-9999.0.567 18-9999.0.237 179.917 179.667 179.497 179.287 179.177 179.-9999.087 178.837 178.517 178.127 177.477 175.957 176.9-9999.07 176.617 176.7-9999.07 176.587 176.417 176.147 175.817 176.-9999.0-9999.07 176.157 176.147 175.657 175.187 174.797 174.497 174.297 174.317 172.647 172.317 172.997 173.297 173.297 173.-9999.077 172.8-9999.07 172.547 171.787 17-9999.0.677 17-9999.0.467 169.977 169.477 169.967 169.827 169.447 169.-9999.067 168.757 168.437 167.327 166.-9999.037 165.967 165.887 165.427 164.497 163.1-9999.07 161.717 161.767 162.8-9999.07 162.737 162.4-9999.07
18-9999.0.887 181.727 181.987 182.-9999.077 181.967 18-9999.0.227 177.837 179.317 179.457 179.-9999.037 179.427 18-9999.0.197 179.797 179.317 178.837 179.217 178.9-9999.07 178.2-9999.07 177.5-9999.07 175.577 176.-9999.067 176.587 176.697 176.817 176.927 176.617 176.377 176.397 176.427 176.4-9999.07 175.917 175.517 175.167 174.777 174.357 173.567 173.227 173.537 173.837 173.147 171.347 168.897 169.-9999.037 169.387 171.4-9999.07 171.127 169.927 169.637 169.517 169.997 166.877 166.267 165.647 165.567 166.967 165.7-9999.07 163.717 163.217 164.287 165.387 165.247 164.887 164.537 164.337 164.347 162.727 16-9999.0.577
181.8-9999.07 182.4-9999.07 181.337 181.827 181.487 18-9999.0.197 179.717 179.567 179.327 179.-9999.077 178.667 179.497 178.837 178.137 177.557 178.-9999.077 178.987 178.967 178.5-9999.07 177.917 175.4-9999.07 175.677 175.947 176.227 177.137 175.687 175.-9999.027 176.357 176.267 176.137 175.787 175.417 175.227 175.-9999.0-9999.07 174.777 174.237 174.-9999.047 174.-9999.057 174.1-9999.07 174.-9999.087 173.967 172.147 172.487 17-9999.0.877 171.717 171.677 171.-9999.027 17-9999.0.647 17-9999.0.397 169.857 167.757 166.-9999.0-9999.07 165.147 165.697 163.357 162.617 164.-9999.087 165.557 166.777 167.267 166.927 165.877 164.837 164.527 164.827 163.-9999.0-9999.07 16-9999.0.797
182.397 182.3-9999.07 181.157 179.887 178.827 178.877 18-9999.0.477 18-9999.0.667 18-9999.0.747 18-9999.0.817 178.737 176.357 178.327 178.817 178.367 178.-9999.037 178.337 178.317 178.387 178.457 175.127 173.177 175.7-9999.07 178.-9999.087 177.877 175.847 177.317 176.8-9999.07 176.3-9999.07 175.957 174.977 173.737 173.467 174.287 174.117 174.227 174.227 174.177 174.117 174.117 174.117 171.747 168.937 166.127 169.887 171.997 171.477 17-9999.0.837 17-9999.0.197 169.847 169.337 168.227 167.5-9999.07 167.-9999.037 168.127 167.5-9999.07 165.447 165.357 166.387 167.347 167.-9999.087 166.1-9999.07 165.517 165.147 164.957 164.5-9999.07 163.747
183.757 183.587 182.887 182.-9999.097 181.137 18-9999.0.697 18-9999.0.757 18-9999.0.977 181.197 181.357 18-9999.0.867 18-9999.0.567 179.187 177.237 175.377 179.1-9999.07 178.697 178.537 178.377 178.227 178.-9999.087 178.-9999.0-9999.07 178.147 178.267 178.117 173.437 172.447 173.317 175.447 175.977 176.147 175.897 174.637 172.647 172.127 174.527 174.5-9999.07 174.277 174.-9999.077 173.667 173.357 172.987 172.617 172.757 172.-9999.087 171.427 171.-9999.037 17-9999.0.657 17-9999.0.157 169.897 169.687 169.377 168.757 168.197 168.197 167.387 166.717 166.317 167.257 167.487 167.247 166.797 166.287 165.517 164.547 164.577 164.797
184.787 184.5-9999.07 183.537 182.467 181.4-9999.07 18-9999.0.867 18-9999.0.587 18-9999.0.787 181.-9999.017 181.257 181.-9999.057 18-9999.0.647 18-9999.0.357 18-9999.0.-9999.067 179.887 179.3-9999.07 178.867 178.367 176.767 175.-9999.017 176.367 177.957 178.1-9999.07 178.337 178.567 178.537 177.957 176.557 175.867 175.357 175.427 175.147 174.587 174.-9999.037 173.757 173.997 174.287 174.6-9999.07 174.767 173.957 171.567 171.627 171.917 173.227 169.877 166.217 167.227 168.527 169.817 169.877 169.787 169.497 169.217 168.977 168.877 168.657 168.357 168.-9999.087 167.657 166.857 166.517 166.2-9999.07 165.897 165.217 165.117 165.337 165.447
184.967 184.737 183.837 182.947 181.857 181.427 181.267 181.327 181.287 181.177 181.-9999.047 18-9999.0.747 18-9999.0.137 179.757 18-9999.0.917 179.647 178.5-9999.07 178.157 177.867 177.577 176.577 175.167 176.447 178.-9999.027 179.487 179.3-9999.07 178.797 177.537 176.-9999.097 174.977 175.217 175.-9999.037 174.497 173.967 173.617 173.497 173.3-9999.07 173.517 173.717 173.837 173.-9999.087 173.317 172.737 172.157 171.827 172.-9999.037 171.3-9999.07 17-9999.0.577 169.787 169.5-9999.07 169.387 169.177 168.967 168.747 168.817 168.817 168.697 168.4-9999.07 168.117 166.-9999.097 163.657 163.997 164.897 164.-9999.087 163.387 163.657 164.-9999.097
184.277 184.-9999.017 182.347 18-9999.0.557 178.777 178.337 178.287 178.117 179.837 181.-9999.047 18-9999.0.417 179.-9999.097 18-9999.0.857 18-9999.0.387 179.917 179.787 179.737 179.377 179.-9999.0-9999.07 178.527 176.-9999.047 176.-9999.057 178.537 178.947 179.277 179.-9999.017 178.497 177.677 176.847 176.-9999.087 175.567 175.1-9999.07 174.-9999.0-9999.07 172.447 172.-9999.027 173.6-9999.07 173.257 172.847 172.437 172.987 174.-9999.057 171.567 168.927 168.-9999.047 17-9999.0.487 172.697 171.867 171.-9999.037 17-9999.0.217 169.767 169.387 169.137 168.957 168.487 167.-9999.047 168.347 168.247 168.147 168.347 168.217 166.3-9999.07 163.5-9999.07 163.127 164.647 165.177 164.947 164.727
183.757 183.517 182.1-9999.07 18-9999.0.8-9999.07 181.647 18-9999.0.897 179.967 179.547 179.117 178.687 179.687 18-9999.0.687 181.-9999.097 181.-9999.0-9999.07 18-9999.0.917 18-9999.0.-9999.067 179.697 179.7-9999.07 179.727 179.3-9999.07 178.9-9999.07 178.877 178.877 178.887 178.917 178.857 178.427 177.7-9999.07 176.937 176.187 175.567 175.-9999.097 174.257 173.-9999.087 173.867 173.547 171.937 17-9999.0.-9999.067 17-9999.0.217 173.387 174.-9999.077 173.927 173.767 173.677 173.587 173.157 172.337 171.557 17-9999.0.777 17-9999.0.277 169.797 169.537 169.267 169.-9999.087 168.657 167.917 167.397 167.827 168.397 168.577 168.117 167.387 166.647 166.167 165.8-9999.07 165.697 165.597
183.417 183.2-9999.07 183.277 183.497 183.267 183.417 183.317 182.747 182.167 181.597 179.367 178.187 179.-9999.097 18-9999.0.-9999.017 181.-9999.057 179.827 178.997 179.277 179.567 179.637 176.6-9999.07 176.487 176.687 177.617 178.327 178.677 178.7-9999.07 178.117 177.467 176.787 176.137 174.687 173.267 172.747 173.267 173.527 171.937 17-9999.0.117 168.857 171.-9999.087 173.587 173.557 173.557 173.547 173.587 173.597 173.-9999.087 172.337 171.517 169.917 169.357 169.367 169.367 169.277 169.3-9999.07 169.1-9999.07 168.747 168.517 168.397 168.4-9999.07 167.867 166.777 165.687 165.367 165.797 165.727 165.627
184.-9999.047 183.447 182.137 181.-9999.0-9999.07 181.287 182.357 184.8-9999.07 184.217 182.947 181.377 182.367 181.177 18-9999.0.227 18-9999.0.3-9999.07 18-9999.0.377 18-9999.0.727 18-9999.0.637 179.897 178.367 176.827 177.397 178.437 178.147 177.987 178.-9999.097 179.157 179.397 178.847 178.287 177.827 177.117 175.357 173.127 171.137 171.637 173.8-9999.07 173.467 173.467 173.297 172.-9999.097 168.687 169.6-9999.07 171.377 173.147 173.687 173.867 173.347 172.837 172.257 17-9999.0.257 168.367 166.597 164.827 165.-9999.057 168.767 169.-9999.087 168.917 168.747 168.3-9999.07 167.877 166.917 165.797 164.967 165.347 166.-9999.057 165.8-9999.07 165.547
181.697 183.357 184.447 185.317 185.857 185.367 184.887 182.647 182.4-9999.07 183.917 184.-9999.047 183.697 182.6-9999.07 181.387 18-9999.0.177 179.4-9999.07 177.827 177.977 178.2-9999.07 178.517 178.767 178.337 178.-9999.027 177.717 177.737 178.747 179.-9999.047 178.747 178.447 178.-9999.037 175.997 175.257 175.267 175.277 174.8-9999.07 171.447 171.357 172.347 173.487 173.747 174.217 173.987 173.767 173.297 173.777 173.997 173.437 172.877 172.237 17-9999.0.147 168.967 168.947 168.937 169.-9999.057 169.467 169.467 169.227 168.987 168.377 167.2-9999.07 166.717 166.297 165.857 165.917 166.-9999.067 163.7-9999.07 161.347
182.567 181.847 182.627 184.3-9999.07 186.-9999.067 185.917 185.-9999.087 184.687 184.327 183.987 184.-9999.027 183.837 182.827 181.827 18-9999.0.577 178.727 177.-9999.057 176.557 177.217 177.987 179.257 179.7-9999.07 178.597 177.477 177.487 178.377 178.687 178.217 176.327 176.467 176.457 176.337 176.427 176.517 176.-9999.047 175.-9999.087 173.117 171.-9999.067 169.127 172.537 174.667 174.-9999.077 173.527 173.-9999.0-9999.07 173.327 173.357 172.8-9999.07 172.257 171.577 169.897 168.797 168.837 168.887 169.-9999.027 169.4-9999.07 169.417 169.-9999.097 168.-9999.077 167.247 166.167 166.127 166.327 166.127 166.147 165.887 165.577 165.267
181.717 18-9999.0.967 182.477 183.987 185.627 185.557 185.-9999.037 184.587 184.127 183.667 182.877 182.737 182.867 182.997 181.877 182.327 181.627 181.-9999.037 18-9999.0.447 179.757 179.147 179.127 179.287 178.947 178.147 178.-9999.047 178.2-9999.07 178.167 178.147 178.-9999.077 177.467 177.357 176.887 176.177 175.8-9999.07 175.717 175.337 174.857 174.387 174.647 174.9-9999.07 174.247 173.5-9999.07 172.767 172.757 172.637 172.-9999.067 171.497 17-9999.0.947 169.977 169.247 168.787 168.847 168.997 169.347 168.627 167.247 166.187 165.377 162.557 163.227 164.337 165.457 163.927 165.357 165.257 165.167
183.367 182.3-9999.07 182.567 183.967 185.417 185.467 185.-9999.027 184.437 183.847 183.287 182.1-9999.07 181.347 181.647 181.947 182.267 182.8-9999.07 182.437 181.437 18-9999.0.447 179.447 178.477 178.-9999.0-9999.07 178.347 178.687 178.837 176.537 175.777 176.477 177.477 177.987 177.897 177.347 176.677 176.-9999.0-9999.07 175.597 175.437 175.-9999.077 174.717 174.357 174.587 174.487 172.-9999.097 17-9999.0.177 17-9999.0.527 172.737 172.657 172.117 171.587 171.-9999.037 17-9999.0.727 17-9999.0.477 17-9999.0.-9999.027 169.417 168.967 169.557 168.967 168.187 167.4-9999.07 166.847 165.887 165.597 165.-9999.097 164.647 163.717 163.617 162.957 164.277
184.127 184.217 184.627 185.-9999.027 185.137 184.837 184.377 183.6-9999.07 182.847 182.-9999.097 181.937 181.377 181.467 181.517 181.5-9999.07 181.787 181.8-9999.07 181.347 18-9999.0.727 179.917 179.897 179.737 179.447 179.157 178.837 178.477 178.227 178.-9999.027 177.827 177.777 177.877 177.227 176.147 175.-9999.067 175.727 175.557 173.947 172.527 172.767 174.547 172.917 173.177 173.437 172.-9999.087 167.857 167.737 168.957 17-9999.0.337 171.477 171.667 171.187 17-9999.0.-9999.027 168.947 168.587 169.467 169.3-9999.07 168.7-9999.07 168.147 167.567 165.467 165.6-9999.07 165.977 166.8-9999.07 167.137 166.837 166.9-9999.07 166.647
184.217 184.237 184.-9999.097 183.957 183.817 183.557 183.127 182.367 181.687 181.167 181.367 181.447 181.257 181.-9999.087 181.-9999.067 18-9999.0.957 18-9999.0.777 18-9999.0.477 18-9999.0.187 179.897 179.687 179.467 179.177 178.897 178.557 178.157 177.9-9999.07 177.7-9999.07 177.517 177.297 177.257 175.517 173.677 172.6-9999.07 171.467 173.477 175.657 175.487 175.3-9999.07 174.587 172.177 171.387 171.947 173.-9999.037 172.487 172.167 172.-9999.057 171.947 171.577 17-9999.0.837 17-9999.0.5-9999.07 17-9999.0.317 169.787 168.-9999.0-9999.07 166.137 166.667 166.927 168.147 167.797 167.317 167.297 167.347 167.487 167.117 166.767 166.777 166.847
