libjsqlite-spatialite-android/spatialite-android-library/jni/librasterlite2-5.0.0/test/map_samples/ascii/ascii2.asc
ncols 600
nrows 600
xllcenter 1646700.50000000
yllcenter 4739680.50000000
cellsize 1.00000000
NODATA_value -9999.00000000
[rows 261 to 289 of 600, columns 134 to 200 of 600]
167.1-9999.09 167.379 167.659 167.959 168.269 168.639 169.169 169.669 17-9999.0.179 171.-9999.089 172.259 171.139 169.529 167.919 168.739 171.879 172.449 172.959 173.679 174.2-9999.09 174.739 175.239 175.729 175.949 175.779 175.359 175.559 175.699 175.799 176.269 176.149 176.329 176.529 176.849 177.139 177.959 178.269 178.569 178.779 179.189 179.399 179.329 179.259 179.189 179.469 179.6-9999.09 179.489 179.369 179.249 178.9-9999.09 178.679 178.579 178.459 178.349 178.549 178.739 178.859 178.969 178.889 177.129 176.939 177.-9999.069 177.2-9999.09 177.469 177.929 178.189 178.419
166.789 166.989 167.329 167.659 167.969 168.439 168.599 168.649 168.969 169.939 171.739 171.979 172.-9999.089 172.199 172.-9999.089 171.949 172.269 172.769 173.259 173.679 174.-9999.029 174.359 174.859 175.349 173.329 173.549 173.949 174.359 175.-9999.089 175.839 176.519 177.-9999.019 177.349 177.679 177.579 177.519 177.7-9999.09 177.899 178.-9999.089 178.6-9999.09 178.899 178.979 179.-9999.079 179.169 179.159 179.269 179.199 179.129 179.-9999.019 178.839 178.649 178.559 178.5-9999.09 178.479 178.769 178.879 178.919 178.959 178.869 177.889 177.379 177.169 176.969 177.-9999.049 177.959 178.219 178.449
166.369 166.659 167.-9999.059 167.439 167.839 168.219 168.8-9999.09 169.199 169.299 17-9999.0.299 169.919 17-9999.0.299 17-9999.0.839 171.379 171.789 172.-9999.079 172.339 172.599 172.849 173.229 173.549 173.849 174.159 174.469 173.-9999.049 172.649 172.249 173.279 174.649 175.149 175.769 176.649 177.519 178.259 178.-9999.089 177.929 178.-9999.0-9999.09 177.889 177.769 178.-9999.0-9999.09 178.4-9999.09 178.569 178.8-9999.09 179.339 179.429 179.139 178.7-9999.09 178.629 178.559 178.589 178.529 178.549 178.559 178.599 178.839 179.-9999.0-9999.09 179.149 179.199 179.-9999.089 178.119 177.519 177.-9999.049 176.549 176.419 177.579 178.329 178.919
165.419 165.749 166.389 167.-9999.029 167.579 167.599 168.219 168.969 169.839 168.969 167.469 167.979 168.969 17-9999.0.629 171.599 172.-9999.069 172.329 172.349 172.229 173.-9999.0-9999.09 173.469 173.829 174.179 174.489 174.549 174.459 174.519 174.579 174.579 174.899 175.259 175.829 176.689 177.549 177.589 177.619 177.549 177.489 177.429 177.659 178.-9999.049 178.589 179.129 179.669 179.789 179.539 178.999 178.469 177.969 178.219 178.449 178.659 178.869 179.-9999.0-9999.09 178.479 178.639 178.949 179.319 179.659 179.539 178.389 177.189 176.389 176.279 177.159 177.479 177.9-9999.09
164.959 165.319 165.989 166.779 167.3-9999.09 167.289 168.-9999.089 169.-9999.019 169.939 168.869 166.469 168.679 17-9999.0.669 17-9999.0.949 171.369 171.799 171.659 171.519 171.379 172.339 173.459 173.719 174.-9999.079 174.439 174.7-9999.09 174.549 174.479 174.4-9999.09 174.389 174.789 175.259 175.749 176.249 176.739 176.879 176.9-9999.09 176.859 176.799 176.739 177.199 177.639 178.299 178.959 179.499 179.679 179.429 178.979 178.559 178.199 177.249 177.459 178.439 178.999 179.2-9999.09 178.999 179.139 179.489 179.769 179.789 179.659 178.929 177.899 176.7-9999.09 176.389 177.699 177.359 177.329
165.119 165.489 166.-9999.019 166.539 166.929 167.1-9999.09 167.789 168.619 169.449 169.769 169.799 169.989 17-9999.0.169 17-9999.0.419 17-9999.0.819 171.189 171.169 171.379 171.599 172.539 173.539 173.699 173.869 174.-9999.089 174.719 175.-9999.059 174.919 174.769 174.619 174.579 175.-9999.059 175.479 175.489 175.5-9999.09 176.619 176.599 176.489 176.499 176.659 176.929 177.529 178.219 178.879 179.529 179.699 179.539 179.129 178.599 177.869 175.969 176.649 177.869 179.-9999.099 178.779 177.339 177.949 178.819 179.689 179.879 179.-9999.049 178.219 177.299 176.4-9999.09 176.539 178.349 178.779 179.-9999.069
164.749 165.149 165.589 166.-9999.019 166.559 167.439 168.-9999.019 168.579 169.-9999.039 169.4-9999.09 169.689 169.849 169.999 17-9999.0.159 17-9999.0.639 17-9999.0.8-9999.09 169.759 168.7-9999.09 168.4-9999.09 169.169 171.-9999.0-9999.09 171.799 172.979 174.149 174.8-9999.09 175.229 175.-9999.089 174.919 174.7-9999.09 174.689 174.639 174.5-9999.09 174.389 174.279 175.659 176.489 176.699 176.9-9999.09 177.-9999.089 177.229 177.599 178.269 178.929 179.519 179.549 179.579 178.939 178.299 177.799 177.729 178.239 178.549 178.549 178.129 177.329 178.329 178.879 179.319 179.449 178.499 177.779 177.-9999.099 176.319 176.619 178.779 178.819 178.839
164.669 164.-9999.049 163.219 162.389 162.389 163.819 165.879 167.939 168.479 168.859 169.379 169.549 169.719 169.9-9999.09 169.479 17-9999.0.529 171.7-9999.09 172.349 172.999 173.2-9999.09 173.489 173.839 174.179 173.769 174.779 174.599 173.799 174.189 174.589 174.619 174.6-9999.09 174.679 174.749 174.819 175.459 176.119 176.229 176.319 176.439 177.-9999.059 177.329 177.729 178.219 178.759 178.279 178.389 178.519 178.659 177.849 177.-9999.099 176.789 176.419 176.-9999.049 176.-9999.059 177.769 178.349 178.729 179.-9999.049 179.-9999.029 177.959 177.3-9999.09 176.689 176.-9999.079 176.589 178.649 178.629 178.569
164.879 164.919 164.659 164.4-9999.09 164.899 167.559 167.849 168.129 168.4-9999.09 168.829 169.189 169.389 169.599 169.819 167.889 167.789 169.-9999.099 17-9999.0.469 172.689 173.119 173.529 172.939 172.259 171.589 173.599 173.969 172.649 171.379 171.269 172.969 173.859 173.-9999.019 172.179 171.629 174.329 175.529 175.619 175.739 175.839 174.259 174.739 175.589 177.-9999.029 177.859 176.169 177.449 177.859 178.149 178.329 178.159 178.189 178.239 178.289 178.349 178.219 178.169 178.249 178.389 178.369 177.879 177.239 176.629 176.-9999.019 176.189 177.529 178.159 178.499
164.129 163.6-9999.09 162.649 165.1-9999.09 166.889 168.149 168.359 168.569 168.759 168.969 169.2-9999.09 169.419 169.649 169.879 17-9999.0.189 17-9999.0.549 17-9999.0.879 171.479 172.129 169.359 169.389 169.529 169.679 169.399 172.5-9999.09 174.529 174.789 174.839 174.769 174.-9999.099 174.159 174.299 174.449 174.579 174.829 175.129 175.439 175.759 175.919 175.789 176.-9999.059 176.519 176.989 177.499 176.579 177.-9999.089 177.9-9999.09 178.319 177.979 177.349 177.989 178.289 178.399 178.5-9999.09 178.589 178.539 178.469 178.399 178.329 178.119 177.369 176.6-9999.09 175.969 175.7-9999.09 176.169 176.8-9999.09 177.439
164.-9999.089 165.2-9999.09 166.359 167.369 168.189 168.299 168.449 168.589 168.759 169.-9999.089 169.819 169.939 17-9999.0.-9999.049 17-9999.0.129 17-9999.0.399 17-9999.0.669 17-9999.0.999 171.329 171.669 172.219 172.-9999.039 171.989 172.169 172.349 174.129 173.8-9999.09 173.649 174.-9999.049 173.959 174.-9999.069 174.229 174.319 174.419 174.529 174.889 175.239 175.529 175.8-9999.09 176.-9999.069 176.139 176.619 177.289 177.869 178.319 178.319 178.449 178.729 179.-9999.0-9999.09 178.569 177.-9999.059 176.589 176.289 175.979 176.269 178.469 178.589 178.569 178.559 178.539 178.439 177.599 176.799 175.999 175.639 175.779 176.-9999.029 176.429
164.289 165.319 166.249 167.179 167.799 168.449 168.619 168.769 168.919 169.539 17-9999.0.169 17-9999.0.329 17-9999.0.499 17-9999.0.629 17-9999.0.689 17-9999.0.769 171.-9999.029 171.279 171.589 171.939 171.559 17-9999.0.389 169.229 172.469 172.819 174.-9999.099 172.599 171.2-9999.09 17-9999.0.149 172.969 174.-9999.079 174.189 174.359 174.569 174.979 175.299 175.579 175.799 175.939 176.-9999.029 176.479 177.119 177.789 178.179 178.129 178.499 178.899 179.-9999.079 178.329 174.969 176.-9999.019 177.539 178.799 178.699 178.579 178.559 178.539 178.539 178.539 178.519 177.669 176.819 175.969 175.619 175.779 176.129 176.339
16-9999.0.-9999.079 161.969 163.989 166.549 167.599 168.639 168.799 168.959 169.119 169.699 17-9999.0.239 17-9999.0.379 17-9999.0.539 17-9999.0.689 17-9999.0.7-9999.09 17-9999.0.739 171.139 171.429 171.679 171.849 172.269 172.999 173.719 174.439 174.769 174.779 174.449 174.1-9999.09 173.8-9999.09 173.889 174.-9999.059 174.249 174.429 174.239 174.4-9999.09 174.879 175.319 175.519 175.659 175.789 176.259 176.829 177.4-9999.09 177.729 177.199 177.589 178.-9999.059 178.599 178.989 178.869 179.-9999.069 179.3-9999.09 179.559 179.369 178.639 178.599 178.5-9999.09 178.429 178.4-9999.09 178.369 177.549 176.739 175.899 175.619 175.839 176.279 176.719
164.349 164.629 165.149 165.699 166.829 167.999 168.439 168.869 169.159 169.989 17-9999.0.719 17-9999.0.789 17-9999.0.569 17-9999.0.289 17-9999.0.249 17-9999.0.589 17-9999.0.999 171.4-9999.09 171.819 172.-9999.0-9999.09 172.-9999.079 171.859 171.999 172.159 173.799 174.799 174.469 174.139 173.849 174.-9999.0-9999.09 174.2-9999.09 174.459 174.7-9999.09 174.479 173.-9999.069 172.659 173.269 174.469 174.859 172.829 173.389 174.769 176.149 177.459 177.889 177.9-9999.09 178.-9999.039 178.259 178.629 178.599 178.789 178.889 178.989 179.-9999.0-9999.09 178.539 178.439 178.339 178.239 178.159 178.1-9999.09 177.419 176.6-9999.09 175.8-9999.09 175.529 175.8-9999.09 176.439 177.-9999.069
164.129 164.4-9999.09 164.719 165.-9999.039 166.-9999.029 167.429 167.989 168.489 168.999 169.949 169.979 169.579 169.249 168.969 168.989 169.479 17-9999.0.389 171.299 171.9-9999.09 171.629 171.849 172.679 173.499 174.-9999.029 174.579 174.159 172.459 17-9999.0.759 169.659 173.-9999.019 174.279 174.7-9999.09 175.-9999.0-9999.09 175.219 175.-9999.0-9999.09 174.169 173.2-9999.09 173.279 173.689 175.469 176.159 176.259 176.349 176.749 177.989 178.389 178.619 178.679 178.649 178.569 178.559 178.549 178.529 178.449 178.399 178.329 178.239 178.149 177.949 177.689 177.-9999.0-9999.09 176.329 175.679 176.-9999.039 176.569 177.339 177.999
164.-9999.079 164.459 164.849 165.2-9999.09 165.979 167.-9999.079 167.659 168.239 168.749 168.959 168.929 168.689 168.799 168.9-9999.09 166.979 168.669 169.649 17-9999.0.729 171.769 171.279 171.479 171.8-9999.09 172.569 173.319 173.919 174.-9999.019 173.919 173.929 173.489 172.189 174.489 174.919 175.299 175.239 174.739 175.-9999.039 175.5-9999.09 175.979 176.359 176.719 176.889 176.949 177.-9999.019 177.159 177.539 177.899 178.229 178.559 178.749 178.569 178.529 178.479 178.429 178.339 178.2-9999.09 178.139 178.-9999.089 178.-9999.029 177.499 177.129 176.679 176.239 175.639 176.7-9999.09 176.679 177.-9999.089 177.499
164.199 164.549 164.979 165.399 166.2-9999.09 166.519 166.929 167.399 167.9-9999.09 168.1-9999.09 168.159 168.-9999.019 167.869 168.749 166.589 172.3-9999.09 172.-9999.069 171.819 171.649 172.369 172.589 172.469 172.349 172.1-9999.09 172.579 173.-9999.039 173.479 173.829 173.359 174.8-9999.09 174.999 175.-9999.049 175.-9999.099 175.-9999.019 175.-9999.039 175.429 175.549 175.659 175.849 176.2-9999.09 176.399 176.659 177.129 177.469 177.659 177.849 178.-9999.039 178.259 178.459 178.429 178.4-9999.09 178.499 178.589 178.449 178.249 178.159 178.-9999.069 177.959 177.379 176.519 176.199 175.879 175.559 175.399 175.549 175.979 176.489
164.649 164.959 165.239 165.519 165.689 165.9-9999.09 166.329 166.749 167.169 167.339 167.919 169.1-9999.09 17-9999.0.3-9999.09 171.499 172.-9999.0-9999.09 172.-9999.099 171.889 171.679 171.559 172.429 172.649 171.989 171.299 17-9999.0.469 169.199 17-9999.0.1-9999.09 171.249 172.579 173.889 175.-9999.0-9999.09 175.169 175.199 175.219 175.259 175.189 174.389 173.479 173.189 173.579 175.6-9999.09 176.179 176.669 177.149 177.659 177.749 177.459 177.549 177.659 178.159 178.439 178.569 178.699 178.739 178.649 178.249 177.919 177.669 177.459 177.169 176.589 176.269 175.949 175.789 175.839 175.629 176.159 176.589
164.799 164.959 165.119 165.329 165.439 165.549 165.879 166.2-9999.09 166.6-9999.09 166.839 167.489 168.6-9999.09 169.749 17-9999.0.939 171.9-9999.09 171.979 171.779 171.619 171.519 172.-9999.069 171.779 17-9999.0.869 169.959 169.759 172.-9999.029 172.739 172.939 173.119 173.489 174.7-9999.09 174.979 175.-9999.059 175.159 175.229 175.1-9999.09 175.-9999.099 175.-9999.039 174.669 174.619 175.499 175.989 176.339 176.699 177.229 177.779 177.479 177.179 176.879 177.339 178.429 178.359 178.3-9999.09 178.289 178.279 178.149 177.919 177.889 177.849 177.459 177.3-9999.09 177.349 177.379 177.419 176.279 175.589 176.249 176.919
164.519 165.-9999.039 165.279 165.439 165.369 165.459 165.689 166.-9999.049 166.399 168.-9999.089 168.489 169.579 17-9999.0.129 17-9999.0.2-9999.09 171.149 171.569 171.599 171.499 171.449 171.759 171.969 171.929 171.899 171.939 172.279 172.479 172.479 172.479 172.899 174.249 174.579 174.729 174.889 174.959 174.959 174.949 175.129 175.339 175.639 175.439 175.779 176.119 176.399 176.459 176.849 177.139 177.439 177.359 177.559 178.3-9999.09 178.249 178.239 178.229 178.299 178.389 178.569 178.739 178.849 178.519 178.-9999.039 178.-9999.069 178.-9999.069 178.-9999.019 176.579 175.859 177.119 178.379
163.629 164.149 164.7-9999.09 165.299 165.719 165.999 166.139 166.279 166.419 166.799 167.549 168.729 169.-9999.099 169.2-9999.09 169.699 17-9999.0.-9999.069 17-9999.0.489 17-9999.0.889 17-9999.0.859 171.229 171.689 172.169 172.649 172.-9999.059 17-9999.0.1-9999.09 17-9999.0.-9999.059 17-9999.0.959 171.929 172.629 173.639 173.939 174.139 174.419 174.599 174.939 175.189 175.419 175.599 175.559 175.229 175.489 175.759 176.-9999.029 176.119 175.919 175.619 175.3-9999.09 175.-9999.0-9999.09 174.659 174.729 175.719 176.819 177.929 178.359 178.449 178.549 178.639 178.739 178.449 178.-9999.089 178.-9999.019 177.9-9999.09 177.799 176.239 175.749 176.789 177.929
163.149 163.699 164.259 164.859 165.539 166.169 166.339 166.5-9999.09 166.659 167.149 167.629 168.-9999.0-9999.09 167.8-9999.09 167.819 168.569 169.-9999.029 169.549 17-9999.0.-9999.039 17-9999.0.519 17-9999.0.819 171.119 171.559 172.-9999.029 172.259 172.-9999.039 171.319 17-9999.0.929 171.3-9999.09 171.679 173.139 173.569 173.829 174.-9999.089 174.449 175.-9999.029 175.199 175.359 175.519 175.439 175.-9999.069 175.369 175.719 176.-9999.069 176.429 176.559 176.259 175.959 175.649 176.319 177.4-9999.09 177.829 178.-9999.039 178.329 178.559 178.379 178.439 178.479 178.529 176.819 176.489 176.739 176.989 177.229 176.-9999.019 175.719 176.669 177.529
162.979 163.769 164.529 165.299 166.-9999.069 165.499 164.289 163.329 163.3-9999.09 164.159 165.219 165.969 165.769 165.9-9999.09 168.-9999.059 168.579 169.199 169.829 17-9999.0.299 17-9999.0.269 17-9999.0.589 17-9999.0.979 171.379 171.729 172.-9999.079 171.689 171.689 171.679 171.929 173.429 173.769 174.-9999.0-9999.09 174.239 174.559 175.-9999.039 175.189 175.259 175.339 175.189 175.-9999.099 175.449 175.749 175.759 176.-9999.029 176.279 176.419 176.439 176.139 176.489 177.369 177.789 177.959 178.119 176.349 175.569 176.729 177.879 178.369 178.489 178.479 178.299 178.1-9999.09 177.879 176.269 175.3-9999.09 175.469 176.139
162.749 163.739 164.699 165.599 165.759 165.699 166.-9999.0-9999.09 166.199 166.419 166.999 166.689 165.349 164.-9999.029 164.159 167.759 167.769 166.489 165.359 165.949 17-9999.0.-9999.019 17-9999.0.759 17-9999.0.789 171.169 171.569 171.919 172.3-9999.09 172.689 172.919 173.469 174.219 174.429 174.489 174.4-9999.09 174.769 175.259 174.139 173.-9999.019 173.119 173.469 175.129 175.-9999.019 174.919 174.929 175.219 175.659 175.859 176.-9999.059 176.259 175.-9999.089 174.759 175.469 176.189 176.889 176.739 178.119 178.329 178.549 178.7-9999.09 178.829 178.689 178.319 177.949 177.579 175.859 175.3-9999.09 175.469 175.629
163.-9999.0-9999.09 163.499 164.-9999.099 164.989 165.589 166.249 166.699 167.149 167.529 167.589 167.759 168.-9999.029 168.359 168.749 169.469 169.8-9999.09 17-9999.0.-9999.019 169.9-9999.09 169.799 17-9999.0.529 169.669 169.219 169.359 169.599 171.569 172.1-9999.09 172.499 172.819 173.459 174.379 174.329 174.289 174.249 174.589 175.369 175.2-9999.09 175.-9999.019 174.219 174.149 175.159 175.119 175.159 175.189 175.229 175.6-9999.09 175.849 176.-9999.089 176.329 176.289 176.599 176.359 176.119 175.879 176.479 177.969 178.239 178.539 178.839 178.839 178.6-9999.09 178.-9999.0-9999.09 177.4-9999.09 176.819 175.699 175.3-9999.09 175.5-9999.09 175.7-9999.09
163.-9999.089 162.-9999.059 161.779 161.499 163.889 166.1-9999.09 166.529 166.9-9999.09 167.279 167.6-9999.09 168.-9999.099 168.499 168.899 168.989 169.339 169.629 169.119 168.6-9999.09 168.569 169.349 168.4-9999.09 167.279 168.449 169.369 171.459 171.739 171.849 171.959 172.699 173.949 174.-9999.029 174.139 174.249 174.359 174.719 174.559 174.649 174.799 175.-9999.069 174.749 174.899 175.-9999.049 175.499 175.679 175.279 175.769 176.-9999.099 176.349 176.289 176.479 176.729 177.-9999.029 177.389 177.589 177.439 176.719 176.-9999.049 176.869 177.319 178.659 178.419 178.139 177.639 177.859 177.739 177.239 176.739
162.469 161.279 162.429 163.699 164.169 165.649 166.-9999.099 166.569 167.-9999.079 167.789 168.239 168.589 168.939 168.979 168.449 167.369 166.129 165.389 165.819 169.419 17-9999.0.189 17-9999.0.759 171.589 17-9999.0.189 167.719 168.119 169.429 17-9999.0.899 171.849 173.1-9999.09 173.279 173.449 173.689 174.2-9999.09 174.349 174.519 174.689 174.849 174.6-9999.09 174.369 174.859 175.349 175.839 175.189 174.579 175.-9999.059 175.629 176.189 176.279 176.279 176.649 177.-9999.0-9999.09 177.389 177.579 177.699 177.839 177.659 177.289 178.249 178.519 178.279 178.-9999.039 177.799 175.829 175.569 176.-9999.029 176.399
162.859 163.369 163.8-9999.09 164.169 164.799 165.289 165.9-9999.09 166.529 167.-9999.069 167.899 168.339 168.549 168.719 168.839 168.819 169.169 169.229 169.269 169.789 17-9999.0.899 171.259 171.689 172.139 172.-9999.049 171.319 171.399 171.479 171.559 171.839 172.239 172.449 172.689 172.929 173.469 174.119 174.279 174.439 174.599 174.489 174.499 174.969 175.399 175.839 175.369 175.479 175.569 175.659 175.939 176.-9999.089 176.219 176.749 177.289 177.819 177.779 177.799 177.859 177.889 177.9-9999.09 178.259 178.299 178.-9999.079 177.869 177.659 175.779 175.599 176.289 176.989
162.699 163.269 163.849 164.4-9999.09 164.5-9999.09 164.729 165.319 165.9-9999.09 166.589 167.539 167.859 168.-9999.019 168.179 168.269 168.2-9999.09 168.569 168.979 169.389 17-9999.0.-9999.049 171.3-9999.09 171.579 171.859 172.129 172.-9999.069 171.459 171.589 171.749 171.919 172.-9999.089 172.369 172.569 172.819 173.-9999.059 173.449 174.-9999.039 174.189 174.4-9999.09 174.639 172.639 171.299 172.519 174.-9999.019 175.5-9999.09 175.939 175.619 175.919 176.-9999.029 176.-9999.039 176.169 176.419 176.959 177.489 178.-9999.0-9999.09 178.199 178.-9999.049 177.929 177.8-9999.09 177.659 177.699 177.8-9999.09 177.829 177.7-9999.09 177.5-9999.09 175.649 175.359 175.7-9999.09 176.279
