libjsqlite-spatialite-android/spatialite-android-library/jni/librasterlite2-5.0.0/test/map_samples/ascii/ascii1.asc
ncols 600
nrows 600
xllcorner 1646100.00000000
yllcorner 4739680.00000000
cellsize 1.00000000
NODATA_value -9999.00000000
[rows 232 to 260 of 600, columns 0 to 66 of 600]
237.015 236.985 236.945 236.705 236.075 235.525 235.065 234.605 234.075 232.585 231.905 231.485 231.055 230.555 229.825 229.215 228.625 228.045 227.235 226.115 225.805 225.495 225.185 224.935 224.615 222.765 220.925 219.075 221.775 224.645 222.585 219.655 216.715 218.835 217.625 218.255 217.305 216.095 218.185 218.645 216.985 215.495 214.875 215.375 214.105 214.645 215.095 215.405 215.435 214.025 211.975 210.025 208.415 210.715 208.795 208.275 209.075 210.115 211.235 209.075 206.835 204.965 209.045 207.815 206.155 204.645 204.575
236.185 236.305 236.435 236.445 235.725 235.365 234.905 234.555 234.045 232.385 230.335 228.225 226.115 226.125 229.505 229.645 229.345 228.935 227.975 226.555 226.165 225.775 225.485 225.285 224.525 222.425 221.775 221.125 222.875 224.325 220.685 217.705 216.645 218.565 217.055 217.455 217.095 216.735 219.085 218.205 215.695 215.115 214.895 213.465 212.735 212.615 212.505 212.915 215.265 214.795 213.985 213.245 211.705 207.825 207.345 207.415 207.475 212.245 212.355 210.145 206.975 203.805 207.945 203.205 204.245 205.715 207.185
234.475 234.925 235.365 236.665 236.495 235.685 234.855 234.035 233.025 231.505 230.475 229.485 228.495 227.925 229.585 230.215 230.595 230.545 229.655 228.725 228.525 227.005 224.855 225.165 223.775 221.445 219.805 221.075 223.745 224.345 222.715 221.545 221.005 216.135 213.995 213.995 214.085 216.785 218.745 217.975 216.245 213.905 211.895 214.125 215.305 215.135 214.975 215.295 215.545 215.005 214.225 213.455 212.185 210.345 211.075 208.955 207.455 212.145 211.615 209.405 206.605 204.965 210.515 209.775 209.415 209.125 208.245
232.655 234.415 236.225 237.405 236.695 235.535 234.205 232.885 231.205 227.945 230.625 231.595 230.875 230.315 229.405 229.965 230.405 230.845 231.075 230.435 227.055 224.505 222.355 226.285 223.515 223.975 224.425 224.655 224.515 224.245 223.355 222.655 221.965 218.655 219.155 218.685 218.595 218.875 218.015 216.265 214.595 212.935 216.715 213.005 211.065 210.735 210.415 212.305 215.735 214.625 211.875 209.125 209.355 212.835 212.345 212.395 211.475 211.345 211.035 210.785 210.495 209.675 210.425 210.345 209.675 208.945 208.175
237.875 237.595 237.265 236.885 236.485 234.195 231.235 228.285 233.585 228.465 231.005 228.845 227.125 225.685 227.505 231.525 231.105 230.175 229.665 230.895 227.495 224.105 221.025 224.815 222.735 223.495 224.105 224.725 220.625 219.425 219.255 222.185 220.995 220.915 219.955 219.485 219.045 218.605 215.275 214.845 214.615 214.395 214.855 214.285 213.225 211.975 211.785 211.345 210.115 209.685 209.565 209.535 208.925 208.545 213.395 212.775 212.165 211.805 211.835 211.525 211.135 210.735 210.125 209.465 208.955 208.725 208.485
237.195 237.205 237.215 237.115 236.075 235.325 233.095 230.865 231.535 232.995 232.875 232.665 232.025 231.775 229.835 232.185 231.895 231.615 231.475 231.845 230.595 229.105 227.605 225.575 224.735 224.775 224.805 224.845 222.355 223.485 221.385 220.155 218.965 219.245 219.295 218.815 218.335 217.825 218.255 218.475 218.465 218.445 218.365 217.125 216.275 216.325 216.335 216.355 215.995 214.415 212.375 212.055 213.155 209.595 209.285 213.205 212.435 211.675 211.235 210.995 210.785 210.815 210.535 209.775 209.535 209.485 209.645
235.115 237.635 237.925 237.455 231.695 231.515 232.525 233.135 232.645 232.595 232.425 232.215 232.005 232.475 232.915 232.645 232.365 232.065 231.925 230.965 229.915 228.575 227.065 226.545 225.835 225.475 225.125 224.765 221.425 225.735 223.095 220.065 217.025 222.305 222.705 221.815 220.125 217.875 217.615 219.105 218.945 218.775 218.565 215.825 215.025 215.295 215.555 215.675 215.995 216.225 214.615 212.965 215.135 212.105 211.765 211.795 211.825 211.695 211.235 211.175 211.185 211.185 210.995 210.635 208.445 207.535 207.665
238.235 237.995 237.755 237.255 236.995 236.305 235.525 234.735 234.395 234.805 233.635 232.375 231.145 231.675 233.045 232.835 232.505 232.175 231.405 230.265 228.295 226.575 225.065 225.045 226.295 226.465 226.635 226.695 227.075 226.715 226.185 224.505 222.815 221.535 222.995 222.615 222.415 222.215 220.265 218.275 216.585 214.905 213.845 216.365 216.165 214.495 212.815 213.575 215.985 216.925 216.985 216.935 216.365 214.565 213.775 212.965 212.155 211.855 211.475 209.655 207.845 206.055 212.095 211.415 209.155 206.905 205.685
238.935 238.985 237.875 238.215 238.225 235.735 232.925 230.115 235.485 234.845 232.465 230.025 227.575 229.365 232.245 232.135 232.015 231.895 231.185 230.375 227.525 224.825 222.125 227.595 226.855 227.235 227.605 227.925 227.205 226.585 225.525 224.765 224.605 224.635 224.045 223.345 222.835 222.525 219.575 218.905 216.755 216.135 215.655 214.715 215.465 215.815 216.155 218.505 218.145 216.175 213.765 211.385 214.625 213.035 211.435 210.175 208.915 208.385 209.775 208.325 206.855 206.465 209.515 211.195 210.235 209.995 209.745
239.395 239.275 239.165 238.935 238.345 237.595 235.785 233.605 235.135 234.395 234.115 233.645 233.005 232.465 232.205 231.695 231.315 231.215 227.765 225.325 224.585 223.845 222.405 226.065 227.455 227.485 227.585 227.685 227.945 227.375 226.495 225.675 224.955 225.035 223.995 221.395 220.525 220.115 221.085 219.875 218.795 218.505 218.815 219.685 219.805 219.535 219.205 217.615 214.265 213.945 213.845 211.975 213.025 210.985 211.155 213.425 213.535 211.435 208.215 214.735 214.275 213.825 210.915 212.455 210.225 207.995 207.195
239.295 239.075 238.845 238.355 237.545 236.785 236.035 235.385 234.575 233.665 233.385 233.095 232.805 233.225 232.955 232.045 231.465 230.875 230.365 229.845 228.475 227.095 225.725 227.235 227.325 227.175 227.025 226.845 226.325 227.225 226.695 225.975 225.245 225.245 224.315 223.315 222.645 221.475 219.425 217.615 216.245 215.465 219.965 220.385 218.965 218.635 218.495 218.015 216.025 215.505 216.305 216.225 216.675 216.015 215.165 214.295 213.465 213.585 214.195 214.155 214.085 214.375 211.895 213.685 213.065 212.455 211.725
237.365 238.465 238.595 238.075 237.315 236.575 235.835 235.125 233.525 229.205 230.425 231.715 231.995 232.735 233.905 232.705 231.755 230.655 230.365 230.115 229.375 228.635 227.895 227.715 226.725 224.835 222.945 221.335 224.165 225.985 225.935 225.885 225.555 225.145 223.985 221.665 219.345 218.085 216.955 216.335 215.965 215.595 216.285 220.155 218.775 216.735 214.725 216.515 218.255 217.385 215.765 214.145 215.215 217.175 215.985 213.835 211.675 211.595 213.015 214.015 215.085 216.005 215.015 213.745 211.845 211.955 212.125
239.425 239.135 238.835 238.335 237.545 237.345 237.125 235.895 235.845 231.525 232.745 233.605 233.185 232.925 233.605 231.505 229.805 229.235 229.475 230.675 229.265 228.545 227.825 227.655 226.475 227.625 227.635 227.645 226.245 225.425 225.025 225.045 225.075 224.735 223.555 221.595 219.865 219.435 221.185 221.545 220.215 218.885 217.475 216.075 215.725 215.595 215.345 214.875 213.575 214.565 215.925 217.285 218.025 217.895 217.035 216.395 215.755 213.985 214.395 216.145 216.675 216.365 214.915 212.965 211.065 209.165 207.925
239.725 239.425 239.115 238.705 238.165 237.965 237.775 237.585 236.695 235.105 232.905 231.655 230.705 230.715 233.745 231.335 228.925 227.655 229.065 231.185 230.555 229.905 229.175 228.955 228.685 228.395 228.105 227.825 225.635 225.135 224.645 224.175 223.705 223.395 223.055 222.665 222.285 222.575 222.795 222.055 220.745 220.265 219.745 218.495 218.145 218.055 218.895 218.155 216.005 219.445 219.255 218.805 218.375 217.975 215.925 213.735 213.185 214.995 217.645 217.295 216.755 216.225 215.495 213.905 211.735 209.565 209.075
239.815 239.415 239.005 238.525 237.785 237.735 237.685 237.655 237.145 236.225 235.605 234.985 234.365 234.335 233.935 231.925 230.975 230.025 229.725 231.155 230.285 229.645 229.005 229.385 229.245 228.605 227.975 227.515 224.595 224.085 224.065 224.175 224.235 223.255 222.705 222.445 222.235 222.165 222.725 222.695 222.035 221.375 220.405 219.465 218.585 217.705 218.015 217.095 220.005 218.255 218.125 218.045 217.145 215.285 213.015 211.995 212.715 214.275 217.905 217.255 216.605 215.075 212.895 211.035 211.165 211.285 210.015
240.005 239.335 238.875 238.265 235.235 235.855 236.465 237.075 237.045 236.505 235.825 235.135 234.455 233.975 233.005 230.875 231.015 232.555 232.315 231.655 230.425 229.185 228.195 228.775 229.085 228.765 228.335 227.705 227.475 226.085 224.215 222.335 220.975 223.135 223.135 221.695 220.255 220.035 224.355 224.375 223.605 222.835 221.175 218.385 217.615 216.755 215.895 216.755 220.155 218.315 216.185 214.295 214.415 216.145 216.255 216.375 216.665 216.815 214.725 212.975 211.225 211.305 215.365 215.725 215.435 215.145 214.785
241.045 240.195 239.355 238.455 237.555 237.465 237.385 237.295 237.015 236.105 233.955 231.805 229.905 234.095 232.935 233.155 233.375 233.455 233.205 232.155 229.955 228.485 227.135 228.875 227.075 226.575 226.065 225.555 224.945 224.425 223.965 223.495 223.605 225.455 224.575 222.675 221.435 222.265 224.705 224.305 223.625 223.115 222.675 222.105 221.965 221.775 221.325 221.165 221.155 220.235 218.425 216.035 214.005 219.275 217.645 216.375 215.365 214.745 214.845 216.205 216.255 216.295 213.185 216.375 215.865 215.355 214.855
242.015 241.075 240.125 239.415 238.725 238.095 236.515 234.935 234.775 235.825 234.135 233.155 232.185 232.135 232.515 232.915 233.305 233.695 233.415 232.635 231.865 230.945 229.925 227.755 226.275 226.635 226.985 227.185 228.485 228.495 227.755 227.015 225.925 225.015 224.645 224.245 223.835 223.415 223.735 223.105 222.345 222.065 222.865 222.615 220.865 219.805 219.665 218.955 219.015 218.985 219.275 219.555 217.435 219.875 219.555 219.245 218.945 218.965 218.895 218.265 217.315 216.355 216.565 216.565 215.975 215.235 214.485
241.946 240.865 239.825 239.225 239.145 237.125 236.705 237.295 235.915 235.775 234.275 235.335 235.215 234.455 233.175 233.995 234.105 234.215 233.445 232.705 232.065 231.295 230.525 228.665 227.835 227.785 227.315 226.605 228.085 228.525 227.605 226.695 225.445 222.885 222.635 222.585 222.645 222.665 223.405 222.635 221.135 220.645 221.115 222.845 222.355 221.205 219.925 220.195 220.875 219.935 219.855 219.775 219.965 220.115 219.205 218.295 217.385 217.625 218.125 217.155 216.175 215.205 214.435 212.885 213.055 213.235 213.405
241.466 240.476 239.395 239.075 239.395 238.405 237.485 236.645 234.375 232.665 233.885 235.105 235.615 235.385 235.475 235.395 235.135 234.805 234.035 233.335 232.805 232.275 231.735 227.985 226.405 225.835 225.265 224.715 227.285 227.165 225.405 223.645 222.565 224.425 224.055 222.715 221.375 220.425 219.895 219.605 219.355 219.105 220.505 222.615 222.105 221.765 221.475 221.275 221.205 219.255 217.305 215.665 218.225 220.225 220.045 219.865 219.615 218.585 217.325 217.055 216.665 216.265 213.895 211.245 210.795 210.605 212.845
240.496 239.676 238.856 238.905 239.305 237.235 235.665 234.085 234.115 234.955 236.145 236.515 236.665 236.515 235.835 235.375 234.915 234.565 234.115 233.485 232.475 231.525 230.995 228.165 226.985 225.915 225.635 226.985 226.585 226.105 225.605 225.095 224.645 224.385 225.025 224.905 224.785 224.705 224.515 224.195 223.865 223.415 222.945 222.605 221.065 219.445 218.755 218.095 217.115 217.735 218.845 219.955 219.995 219.715 219.525 219.025 218.515 218.285 217.765 217.085 215.375 213.675 212.015 214.505 215.505 215.025 214.555
240.826 240.286 239.756 239.396 239.085 238.605 238.165 237.875 237.625 237.155 236.865 236.575 236.275 236.605 235.825 235.105 234.575 234.045 233.695 233.195 233.245 232.605 231.535 230.415 229.235 229.875 229.935 229.405 228.935 228.435 227.815 227.045 226.245 225.325 225.085 225.075 225.055 225.075 224.655 224.185 223.945 223.355 222.895 222.655 221.495 221.365 221.245 221.845 221.205 219.535 219.165 219.065 217.955 216.595 216.655 216.725 216.775 217.925 218.495 217.995 217.495 216.035 215.495 213.105 212.525 212.705 212.905
239.916 240.016 239.446 237.406 236.266 236.835 237.395 238.545 238.365 237.885 236.725 235.575 234.855 235.575 235.795 234.875 233.955 233.035 232.195 231.745 231.825 232.245 232.665 229.545 227.305 227.155 227.135 227.455 226.325 225.755 225.635 225.475 225.275 225.595 225.285 224.645 224.205 222.535 224.235 223.155 221.555 220.595 220.465 222.515 221.045 220.295 220.645 220.795 221.225 220.495 220.365 220.235 220.015 218.935 219.015 218.985 218.675 219.055 218.975 218.285 217.595 215.775 214.195 214.715 214.865 215.005 215.135
240.966 240.306 239.646 237.706 238.526 239.116 239.325 238.945 238.885 238.805 238.105 237.415 236.405 235.825 235.505 233.425 231.345 231.775 232.155 231.095 232.045 232.985 232.955 231.565 230.035 228.425 226.945 226.415 225.935 225.415 224.885 224.345 224.505 227.605 228.005 227.435 226.675 225.685 225.045 223.755 222.285 220.825 219.915 219.095 220.025 221.075 222.125 220.585 219.195 218.525 219.355 220.195 217.945 217.295 217.495 218.135 219.315 219.495 219.115 218.245 217.435 216.615 216.975 217.105 215.775 214.445 213.325
240.856 241.046 240.646 240.216 238.776 238.296 237.376 236.235 237.755 239.125 238.755 238.265 237.585 233.095 232.725 231.815 230.905 230.035 232.865 233.885 233.645 233.405 233.195 231.505 230.855 230.605 230.355 230.145 229.935 229.545 229.225 228.855 228.565 228.665 227.155 225.195 224.745 224.295 225.855 224.435 223.255 222.995 222.285 221.185 221.015 221.455 222.425 222.355 221.935 221.375 220.805 220.475 220.425 220.335 220.145 220.075 220.175 219.855 219.355 218.355 216.935 215.205 217.295 217.055 215.015 212.975 212.485
239.366 240.336 241.296 240.736 239.546 238.596 237.646 236.626 237.915 238.975 238.565 238.165 237.775 235.335 234.995 234.065 233.135 232.495 234.645 234.505 233.855 233.555 233.175 231.265 230.035 230.585 231.135 230.925 228.965 228.665 228.765 228.875 228.955 228.855 228.185 227.255 225.995 225.885 226.655 225.845 224.585 223.125 223.255 224.125 223.915 223.715 223.515 222.115 221.025 220.945 220.865 220.785 219.515 218.255 218.965 219.695 220.425 220.035 219.245 217.985 216.635 214.485 217.025 217.045 215.145 214.495 214.405
238.866 237.766 236.676 239.636 239.806 239.646 239.476 238.926 237.906 239.335 238.705 238.085 237.455 236.085 235.775 234.445 232.825 231.655 235.105 234.565 233.205 232.485 232.125 231.975 230.515 228.965 227.415 226.765 226.655 226.655 228.265 228.745 228.795 228.525 227.825 227.175 226.565 226.165 226.255 224.605 222.865 221.235 222.225 224.125 223.905 223.695 223.485 220.855 222.135 221.955 221.525 221.085 221.065 220.545 220.605 220.605 220.415 219.915 219.395 219.235 218.915 218.045 217.675 216.575 216.715 216.095 215.075
241.066 239.986 238.916 239.296 240.026 240.086 239.946 239.806 239.746 238.656 236.595 234.525 232.775 235.495 236.835 236.495 236.145 234.935 234.945 234.255 232.305 231.275 230.905 230.725 229.665 229.115 229.765 230.145 229.865 229.455 229.075 228.705 228.365 228.025 226.695 225.245 224.225 224.005 226.075 225.745 225.345 224.925 224.665 224.375 224.155 223.815 223.275 222.885 222.205 220.545 218.885 217.775 217.275 217.945 217.545 218.425 219.305 219.315 219.015 218.845 218.655 218.475 217.905 216.755 216.825 216.325 215.865
240.356 240.996 241.366 240.646 239.756 238.776 237.786 236.806 238.556 239.416 238.816 238.195 237.575 234.765 235.545 236.005 235.605 235.275 235.585 235.215 234.715 234.025 233.255 233.195 232.485 231.615 230.705 229.975 229.385 228.955 228.505 228.055 227.675 227.355 227.295 227.275 227.245 226.855 226.005 225.095 224.855 224.605 224.825 224.645 224.045 223.445 222.835 222.435 221.855 220.435 220.225 220.105 218.815 217.805 217.815 217.905 218.325 218.395 218.415 218.265 218.115 218.055 217.475 216.425 214.945 213.985 213.705
